356515767|promosibarang|5554|215316
200445967|promopromolshop|19852|187677
455933850|promoolshop_id|8082|105240
674553506|iklanpromote_os|3868|105005
187572009|indotravellers|62407|100575
344330084|iklaninolstore|3496|85555
1313392000|iklan_barang27|7540|68643
1161550348|iklanbarang_92|9348|64257
1019792927|iklanbarang_91|5495|62836
1471260421|promoteebarang|6510|61500
276781502|iklanpromosibarangg|10843|58970
722581458|ratupromote|5848|57108
412639497|carireseller|14258|53918
1142007062|familyshopbali|14258|53918
1418227616|media_iklanmu|18528|51479
1347062860|iklan_produk05|4140|50490
1200906951|promote_barang_dagangan|5072|49498
1522731138|jasaiklan25|3180|44852
416403412|promoteeveryday|7796|43984
258839825|instagram_iklan|5642|43630
508506878|iklan_adv|3416|33975
1395049016|iklanpromoteid|2399|33408
1096101025|iklanpromoteolshopp|2177|32302
320488612|jasaiklanpromote|8894|25561
1114349172|iklanpromosindo|4102|23675
1178498997|promosi_os|3093|23661
1411873837|jasa.promote|1137|19608
1462924379|iklan_olshop87|4771|18824
1542386999|promoted_promote|1385|17137
244739244|iklangratisindonesia|7912|12381
183536064|promote.stuff|4738|12327
1396769210|promote_advindo|5075|11723
1435635908|iklanpromote_baranng|4473|10239
1313046563|repostoshop|2005|10091
1350414098|info_dropship|74366|9526
229793390|simishop|4863|8928
812141142|promosiindo|2407|8859
1294216289|mallonlineshop|16846|8396
228048586|lizzibeeshop|1209|7024
259675747|dinaonlineshop|958|6127
1467328201|quinnbee_repost|4956|5899
1048236178|promoteos_|1591|5082
1288396214|pesanggrahanshop|3168|4894
1476913308|iklanpromosimurah|2223|4881
1546261070|jasa.promote2|220|4856
1202229190|ladiesshopy|2440|4811
1614626987|iklanpromote_barang_|2169|4597
1398568170|promote_murah_banget|250|4390
1611885451|promoteeveryday2|1773|4373
1320107939|midorishop2014|680|3650
143721467|daya_olshopp|1817|3434
681021191|dewii_grosirkosmetik|4223|3147
531106257|thirteen_collections|3444|2944
967039443|eugenesteppris|1346|2744
1676496167|jasaiklan.os|6263|2561
1139639614|fancy_olshoppe|397|2305
371620397|promotebali|83|2134
1553162655|morningbellgirl|650|2129
402741701|glorystore1|3734|2062
551742766|ygshop_|978|2060
331288194|jendelarumahsby|3092|1996
224229446|addictshoess|1990|1959
2021938|whataboutgrey|1450|1956
551644367|chocolastore|4314|1825
1273427460|stroberimintnew|2989|1817
1521093732|iklan_di_ig|2640|1807
1375334952|fishiesstore|260|1751
557765696|mzkaywraps|3100|1614
261195172|astinasshop|3100|1614
1415511061|supplierqweena|3267|1574
1330525158|repost_laquinnbee|1236|1568
271676496|foreveryoungat|884|1509
145816763|ampshop_|4381|1508
455857009|nymphaea_boutique|5641|1501
1169936510|serendipitybagcollection|1342|1500
1481984621|marundashop|3272|1447
1369513600|mintymint_store|766|1445
242236159|makeuptoolshop|17488|1433
550425677|idkidckid|475|1412
1431471791|lapetitemode1|519|1405
1488846582|proucess|288|1358
328901836|renitrisnawati|589|1306
1255974897|galeri_113|1235|1290
1473779952|ventegaragestore|1235|1290
1476653275|queenfashionshoppp|1744|1265
982723262|ryan_rwcoll|884|1239
1424826779|scarfhouseid|1532|1218
1192785636|popsus|839|1212
1174559428|lefauxmannequin|731|1164
1087854538|djakartapromote|39|1138
1423607865|sepatulukismurahbandung|2221|1114
375616047|estellecollection|3638|1095
257115858|vristaa|2031|1087
939125412|suwendraiwayan|4322|1072
571233513|inacarina_|3532|1033
418214094|agusbambino|7914|1009
660898999|sewavilladibali|691|1002
664838565|twinkl_bee|3953|986
1239325316|queretrade|236|980
458138497|29onlineshop|922|972
595270892|lc_footwear|1794|933
1536538705|gloriacollection|1172|916
488472073|ninukninukshop|1132|907
1120653063|prettydawnstore|608|896
1199699116|shapshipshop|1043|892
561646479|putriayukebaya|586|891
785881715|astuagung_handmade|586|891
813567498|thepromoteshop|691|890
1357425526|asri_store|1022|874
806499922|dwijanuari|1477|873
1460108101|devinabutikkebaya|2037|856
1422232143|adhi_shop|273|852
919693333|prastanababyshop|4273|823
570844098|tipsbodyideal|2613|814
310329126|molekshop|1155|809
1228817084|adorabee_fashion|1569|808
406174055|denatashop|4103|803
325959373|frizzkhashop|2203|792
905860239|desysintiad|2203|792
1131151588|lq_store|146|792
8828318|ichaawulandari|2879|787
1546189536|leo6s|13430|785
36960105|vincisum|216|780
1564279131|97shop|119|779
1129161435|promosiolshopbali|21|774
373502584|collinparis|637|750
355541089|purpleliciousshop|2684|750
1659228478|pumarshop|275|736
1423871538|yuurashop|107|724
1523728230|aikofashion|2348|700
41973099|dondonshop|4690|698
392711571|resikrisnadianto|1537|692
331672319|giogiosisters|1067|690
203253589|nikitasc|3629|687
1401580069|gudangsepatustores_bdg|1027|678
1152032669|pinikashop|543|677
212937277|pamungkas_denay|758|673
17201351|augyangelion|967|667
1187939042|accessories_ig|652|661
146169513|omishop|719|655
1225713747|clushy_store|1445|645
1507100426|nonamuda.fashionstory|1467|645
1544570358|distributorhwi_id|1467|645
531082471|happyteens_|1140|633
1187416750|collectiondila|536|587
474532527|nimdayulee|911|587
236421060|dyah_dee2000|143|580
965965449|nalinihouse|290|574
593493824|zahirahijabcollection|526|569
704435054|cookieorganic|490|568
366893420|rikyun_corner|4006|568
585648415|ceesshop_|254|564
1462285645|meibyshop_promote|48|563
875365803|dimitrishop|685|559
1440946267|imaginestore1|154|551
323786501|trendshion|15865|551
520252898|arumbali|1080|549
403765398|wewishop|1147|549
804128951|doubleyoustore_|886|532
215297371|_mariamaden_|545|527
1243551527|mixiie_ig|1937|524
900086855|mpshopy|238|520
276602200|cristhian20051995|298|509
320110576|hopshop_fashion|569|506
1086244511|gmjamstore|998|502
1561957942|tirabelleshop|143|493
1070474411|cari_reseller|5048|488
1064204065|ayupchoices|1220|480
1314230042|pegadaianyoungentrepreneur|75|470
1524681290|vanillablueberrybutik|223|468
1178172404|promosi.dauncincau|770|467
932823822|93edgestore|362|463
206290566|gracikey|871|460
1486698562|olspromote_|59|456
1073027604|casandra_lavencha|288|447
262069055|tripurbawaty|622|445
502538111|astyagus|893|444
54318150|tommyfunz99|626|440
1355570089|fashiontogirlbali|626|440
646863065|siaasihshop|326|435
519096840|kiddybabyfood|1385|434
1461665364|hakenstuff|1385|434
610401876|nutrisilangsing|687|426
965938803|kathleenroom|26490|423
418098921|wiga_shop|2408|421
1526073215|bso_surf|189|417
1172304500|aqweenshop|888|417
1465164547|meishashop|593|415
267491203|brancheeshop|2649|411
605122506|harajuna_kebaya|916|400
596561093|oleholehindonesia|863|397
1233153980|lemarisikecil|2535|391
1567822241|_rrcollections|213|390
789982713|smshopp2|611|385
1680247892|snowshopmalang|611|385
322348374|quintishaos|611|385
761371936|cokshop|395|385
283507643|tiwi_88|477|383
420103697|80sstore|384|382
1111876824|alafandhybeauty|824|380
415587956|queen_houseware|3468|379
617289871|iiraputr|262|378
1126060238|tenun_bali_laris|296|373
1682118927|putrionline|614|371
1350398511|detikads|14796|369
1513467500|cherryhuliee|1865|368
1067839958|doyanpepaya|896|367
1273153582|valiribunis|2553|367
1395867474|destylez_|613|366
532002332|daiselleshop|99|366
1557034488|pinkiluh_store|363|363
1604156073|aryunabusana|623|361
1121256571|boutique_kiss|917|357
1332448088|cleopatracentra|3603|356
1610068918|cuddlepot|11647|356
464709685|bellezaccessories|1407|355
188816988|poponmizzori|374|346
1508854527|radalexo_promote|43|343
1399721501|tiekanamanap|80|339
711991018|gabrelina_onlineshop|622|336
772783490|restysprei_shop|241|333
177164666|giovanie_|241|333
1404611888|iilook_|294|332
1117086749|di_n_di_kebaya_online|585|332
1457420698|surabaya_id|282|328
531041022|maha_kebaya|820|326
1447604578|fastrofashiondistro|109|322
785966045|balianda_shop|332|322
1628795133|yuniaolshop|144|321
354558208|berrypinkyshop|142|321
877698200|tochishop|883|315
540586194|tan_hwi|89|314
226350316|laviaryshop|184|313
308420954|deandholshop|369|312
402207454|lilybutik_bali|223|312
369326012|girlscareshop|833|303
1043008484|agnes_kebaya|2194|300
314713781|fidatoshop_bali|558|300
330917034|hellogrosir|650|300
1288599335|tasyananu|1821|295
1275472688|kartikabalishop|381|293
652534288|deetalaseshop|1655|293
1142047644|chrmshop|976|292
1364924395|bebemart_online|2292|291
402770955|madedinikebaya|672|291
180503497|nanaayumii|1508|291
294879530|tarie.lin|481|289
1537563464|gulagula_id|2925|283
1325792130|nkw_olshop|158|283
232055079|hideandseek_babyshop|1004|281
1522549136|pitatashop|733|280
1361980545|lori_brandstore|462|279
338068440|ddlpatisserie|1894|278
208799496|astriins|431|276
1476568834|prelovedstuff.dps|728|275
1526755210|lea_olshop|174|274
1174965988|lemarikecilietnik|827|268
230088966|realcristian1|518|268
398604296|glossy_btq|270|266
422490873|raisinsco|98|266
1031852489|balispa_product|1368|262
1367760253|wdn_store|1368|262
1315009952|alldays_shopping|656|259
1636715686|nelashop_bali|626|258
464478120|soulmatebangkok|31|257
1065190835|allexia_shop|330|249
1396877035|makeupstore_dps|1687|249
309582976|zeechristysiahaan|1070|247
484596113|lovastyle_shop|53|247
1694504386|bulletz.id|373|245
1484195541|vfeetshoes|235|245
679521813|rmsehat_ideal|1007|245
596829726|wetshop99|417|244
627999346|watches_shop07|596|240
1523087343|grosir_sepatu_|204|236
1673118529|winds_shop|148|234
977331527|ventesboutique|326|234
1441328726|onestopshopaholic14|256|232
1575464283|beforeafterteam|247|230
1390096004|itsonlinestore_|268|229
534461526|tu7uhbaju|1067|228
35977744|_gitarani|264|225
1250647494|dvstore|395|224
1626295289|admoreshop|528|222
1521707854|ailes_corner|679|221
1186075511|yunniclothing|706|219
429583471|idjasa|20688|219
360415380|veramayacloset|652|218
377477603|nvshoppingonline|679|218
310995401|rianhandayani|458|216
1425930866|mamaghifa|473|216
1007820210|gclaireinshop|241|215
190461532|oxcyshop|300|215
719011229|blackesterbali|278|213
489631814|bamboosrest|106|213
1339785510|owl_shopp|178|208
1139343225|happyshopbali|355|207
1378662878|gekshop02|84|204
1607294869|nalabeautycare|1278|203
1666061307|classyshop_bali|461|203
1146753552|ghieniezz|702|203
483629121|missfasions|310|203
181731583|lydiabumi|408|202
614109467|wiraniadi|1204|201
345274456|lucia_retrosi|629|195
564729146|sarditashop|27|191
309181918|kissmiss_shop|472|191
1072954641|febrinafebrin|2351|188
254413749|mutiarabalioleholeh|433|188
1456221393|shegekshop|230|186
1396808373|ayudyan_shop|183|185
1384404199|maronlineshop|180|184
1360853452|cottonsail.bali|180|184
1321178755|ahashoes17|135|184
1434595592|mylucretiashop|769|183
814638545|miguel__photography|230|181
1019014187|nathhshopp|886|180
1248038143|_thealvs|886|180
1620320529|celana.katun.murah|133|178
1177868340|highwattstore|903|176
1510776467|discovery_jersey|137|175
1450100986|mogapeshop|384|174
1446542509|sandalpitabalinaura|279|174
1450200349|anny_collection|865|173
1153089230|bellagifts_|393|173
1040582429|pinpin_gallery|804|170
1148070179|miumeir_shop|263|169
244649414|fergisshop|2567|167
317878241|mutia.kurnia|414|166
1523626515|cheesepurpleshop|137|163
436321931|larry_809_|6578|161
209778508|zalaviestore|272|160
1423694223|awcollection2014|194|156
410997327|ta_olshop|35|155
405945825|clntcollections|35|155
2197989|intanpertiwikwee|156|153
1183472358|vavafashion_murah|766|152
444771396|seri_laksmi|1199|152
1643520900|vm_shop_bali|89|150
260746337|mooreshop|1028|148
1408631888|kanayalicious|391|148
1514399086|femaleshop_as|299|148
365420613|klinik_nuskin|95|148
1523600691|nyd_shop|1136|147
1684924581|ywstore|15|146
1699785387|fluztly.bags|15|146
685577318|nmdwasehatideal|798|146
994650695|hanafashionshop|179|145
1412286440|waroengkebayabali|582|142
1482962180|qty.secondstuff|271|138
1343185965|balishoes|103|138
256129955|jennsison29|150|137
1078548941|lovebikinionlineshop|186|136
1492116222|childhood_snack|1496|135
528125096|saridw7|117|135
1567837974|geraicantikbunda|123|134
1245553890|kesiasyamlan|4390|134
1369260392|mama_kenzie49|238|133
564990421|inawidishop|291|131
617188632|mtsshop_|53|131
1608917492|misashop_|69|125
451247692|fleurishop|233|125
1149262996|mybeauty_tools|97|125
341743676|dirariranda|123|125
1639304196|grow_shop15|404|124
353878244|ferlinanggraeni|122|121
1482853494|sierra_bracelet|221|119
1633000929|bellapermeshop|129|119
392817802|2ndtogo_shop|892|119
1450658017|prelovedstuffdps|212|119
1674765922|gigaolshop|116|117
1538137719|airionlineshop|139|116
1045572940|xo12wolfs|83|116
544665374|gendry_campos|265|114
1008517174|dewi_grosirkosmetik|540|114
599465033|akusarashop|90|110
1642258007|suitasorteshop_bali|121|109
366354470|rinshop28|351|107
1510546850|oysem|131|106
1646975026|paperlove_circle|239|105
1655398301|jihanshop_bali|233|105
826746188|ariyuniarii|347|105
1425004775|ghaniyabutik|94|103
661422877|diamondstuff_|23|103
669014327|flowercrownbyastuagung|31|101
1568197868|adaniyu|67|101
1528990467|shehandbag|29|97
600994757|kumastore_id|68|97
1252655549|bindsecond|266|96
827049488|umissshop|128|94
35329622|thahita31|636|91
1004645171|rmfafaa|636|91
1461848535|anugrah_shop|966|91
1642313112|rahasia_cantique|93|90
1587446318|beeboo.shop|113|89
818297721|jefri_jsgenuineleather|248|89
1358614072|artcreativee|567|88
1396674223|baligardenia|309|88
1495648252|blinkfashionbali|24|88
1415366684|new_onlinestore|19|87
1485322391|ubudhomemadejam|246|86
759655036|tokocantik_bali|1478|85
1595325949|layshop12|579|85
1144623649|amara_ts42|155|85
1688599661|bajuborju|243|84
1565570683|keylasshop|80|84
1514744581|sanisyashop|111|84
1438891997|ade_shop_new|185|82
498117487|ropaonline_shop|2225|81
1688370698|andreashoopah|35|79
494142816|myminishop_|35|79
258653618|satyaashoptesti|71|78
411110249|lelytha|745|75
682910884|ades_shop|40|74
1537348861|rizkimeirindas|72|71
1492505387|reinfrstore|100|71
334292686|bymintshop|71|71
675846533|michael_matvey|38|69
216901740|aditjunior|126|68
1334291391|dindunstore|206|67
478878607|tridifashionshop|206|67
1430747181|exclusivekebaya|811|66
825448405|vanilla_collection|530|66
1336547282|daun.cincau|2614|66
338239838|kacamatabali|136|66
1579093825|yusukashop|456|65
1319775063|l_py_shop|256|65
437764650|rumasshop|21|65
447522896|tanliushop|51|64
498160404|narayofb|268|62
461927626|oyamimishop|640|61
1531660993|testimonyagnes|6|60
326730349|blackpeppershop|143|60
1358948503|riwinistore|68|59
1195326106|kayycorner|68|59
1432644783|ayodya_|61|58
1370759816|random2_shop|47|57
653447064|zalsashop|20|57
355500068|microchipshop|14|57
437358283|noonabutik|1459|53
1692891436|butiq_shopink|64|53
583987174|nytstore|534|53
378290420|mdshoponline|230|53
1594477300|strolioncrew|102|52
721376882|swapandswag|79|51
1437819603|mybalishop|11|50
1088863046|mithagoemi|226|49
1168736559|sanovisetyowati|119|49
223435348|sew.inc|260|48
1646921703|radjavapor|74|47
1577901887|balidee_shop|184|47
1545442204|instakebaya_store|222|47
1360716672|upadanisshop|112|47
363499641|house_of_riyuwi|235|47
514570546|mid_excloset|302|47
522940167|cacashop|302|47
1344809535|bibelots.bali|5|47
1178434817|w_cakes|105|47
1349902311|yukajersey|53|45
1641318895|gfysweetones|188|44
1647939008|redshopbali|32|44
438579327|misael_hope|155|44
457424969|melodyhairclip|221|44
1410476118|evuneed_shop|50|43
1334067360|primrosejewelry|73|43
1668045721|cloverbalishop|48|42
1292411153|pusat_grosirbaju|177|42
1448294790|rachmayafinachda|12|41
1109131982|nymphaea_fashion|179|40
1519524551|mochimo.dps|86|39
1628297497|zona_cantikmu|226|39
1617984688|pinkiluh_stuff|47|37
1629172678|wo_balishop|7|37
1103850180|streetrock_design|264|37
539605529|bali2ndshop|338|37
1528897522|jasminebachtiar|130|36
1146983749|oshopdeeanist|9|36
448462243|garagechikishop|119|36
1314621841|mammothgaya|57|34
1028107646|dronshop10|312|34
1251236362|vaicyaprojectstuff|46|33
367437085|inshopholic|338|33
1506824896|prelovedlucretia|17|32
1581727877|teen.shopp|19|32
1390194256|peachcollect|413|32
1580072350|fashion_balii|33|31
1550660801|kedaistuff|49|31
645798967|ewieananta|160|30
1389138693|latingeaiolshop|81|30
1162330315|stockoutsale|58|30
730768334|mfeverstore|14|29
1032524861|vagacova_nikka|5313|28
1609940809|kpopshop_21|24|27
1639429005|daaashop|37|27
1318619084|indo_shoes|732|27
1613874578|onlymarons|732|27
1557116549|sale_outfit|66|27
1493372952|titikcollection|15|26
1424839842|dda_fashion_shop|166|26
635992982|belanjaperfume|23|26
1616659848|tokopelangi13|104|25
1023318924|gysecondstuff|89|25
668625808|feivelmotor|63|25
1429415439|jualanyuk|47|24
1411985522|widya_onlineshop|144|24
1040036416|auraglow_skincare|180|24
1629853653|npna_shop|71|22
333299905|erinmegasari|51|22
1436571653|trustedsfs|51|22
1030756540|tustore_|22|22
572122833|bloomingdalesnew|32|21
1558885218|sehatshop|171|20
296137556|gishop_|10|20
1631583749|jilloveshop|27|19
1540199162|luckyfive_store|38|19
1495849042|grannieshop|10|19
1274799134|cutetumblrshop_|23|19
498233589|dadcshop|11|19
1145436873|mypinkstation|68|18
787750351|rainbowisme13|65|18
1652871125|dapurere|20|16
1559333123|acrylistic|99|16
333445029|krisdella|99|16
570914614|sadinokebaya|168|15
1473682773|dibelsss|1115|15
1337760974|topproducthwi_id|81|15
1384885112|bshop__|53|15
516690990|sunfashionsshop|122|15
1603828732|linglinglv85|38|14
1431522006|vscollection1|34|14
554488952|hurufge|0|14
1334494280|foot_ball_shop|75|13
1309858407|mariposa_id|2045|13
1692543653|gessecondstuff|27|12
1490074593|vinayapearljewellery|14|12
1575711830|tenunbali_|180|12
1565269435|ruangbaju_01|90|12
1391757689|nicken_shop|107|12
711279674|nalashopgalley|2|12
653902353|droseroz|8|12
418277179|naturaleshop|16|12
1444687277|roxidaviese|32|11
1550731550|sederhanastore|58|11
370210265|girlsbesties|52|11
1699218649|dinnsbox|32|10
1700498102|goldqueenbali|55|10
1654829192|sentosashop|19|10
1315298979|dkshoopy|158|10
367544618|allnettfashion|109|10
1419123200|cc_secondstuff|19|9
1657093953|trijayanti27|36|8
1426056311|md_shop99|37|8
1650563178|secondstuff_st|2|8
1629458303|imelshop23|5|8
1334005083|onlineshop_trusted_|2|8
978685393|rochelydivison|83|8
247059887|id_oshop|52|8
1437967205|hunbunolshopp|1|7
1271451837|renatakebaya|107|7
462147313|ratuonlineshop|6|7
1565557374|truebalinese|7|6
1666473852|annyclothingline|14|5
1141869829|oleh2khasbali|59|5
1595114246|jiestore|7|4
1089019206|baligarage|3|4
1089062257|legiandistrictstore|21|4
1686426635|whiestorebodycare|0|3
1271396230|heygirlstuff|3|3
1508124639|littlefingersclothing|0|2
473096589|teencloset90s|42|2
1486193240|evasusanti40|9|1
1139663334|allshoop_|1|1
1356409110|glykos_shop|44|0
505058583|pomadourbali|133|0
