1313392000|iklan_barang27|7540|68643
1347062860|iklan_produk05|4139|50490
1356742146|promosiku|7030|24043
1564444521|promotetermurahos02|1371|18355
244739244|autopromoteindonesia|7900|12359
1313046563|repostoshop|2003|10091
1350414098|info_dropship|74363|9526
1612244496|iklanbaranng_item|3741|8036
1492421413|iklanproduk05|3334|7560
1609004022|iklannbarang.item|2136|7479
1610771709|iklanbarang_item_|1696|7276
229957417|veela_btq|2488|7252
1093001722|deloikshop|1968|6899
1640953091|iklannn_12|1261|6469
1636492654|iklanbaranng_item1|3053|6129
949521481|little_bandung|5247|5921
1650708073|iklaan_12|1244|5750
1639851328|promoteosmurah1|1687|5200
515882242|promotekitaa|2275|4931
1616799599|promote_barang_dagangan_3|3698|4926
675751764|veelaboutique|1717|4585
390708030|promo_olshop_indo|10302|4235
1650495336|promoteosmurah2|1251|4064
1320107939|midorishop2014|679|3650
925001144|natanoshopp|2782|3360
681021191|dewii_grosirkosmetik|4225|3146
1102802690|gudangsepatu02|6868|3135
1393382318|glanceshoes|2004|3026
1451897323|promote_1810|460|2970
1659135389|arya_store_|604|2916
1522338301|gotodeep|923|2865
1653331444|promoteosmurah3|184|2832
1677599102|jasapromoteiklan_|12519|2797
1116215812|ladstuff_|1243|2772
812417065|id_promote|1507|2654
393625987|daganganoi|1063|2651
584374450|larishopgrosir|1953|2530
1476918727|labellemarrieboutique|474|2339
1139639614|fancy_olshoppe|397|2305
1201070687|frenzstyleshop1|1428|2299
311859177|mybamus|25759|2163
1584451323|konnyshop|1396|2135
145923140|pusatsepatuid|1501|2099
1119739354|_silkshop_|1537|2066
1679941729|promoteosmurah4|203|2057
1662235119|promosi_olshop_indo|1174|2012
224229446|addictshoess|1990|1959
1370902782|shoesstore02|283|1878
551644367|chocolastore|4314|1825
1571321477|the_jendral|1276|1792
1444453545|erco.grp|235|1731
336501186|superstore1|854|1721
1691739686|promoteosmurah5|228|1653
1513465383|mamun_grosir_sepatu|618|1624
390768027|deandape|1302|1624
1502803009|sherafinaaalinestuff|624|1619
1415511061|supplierqweena|3267|1573
1330525158|repost_laquinnbee|1235|1568
1540878823|felizboystore|290|1516
455857009|nymphaea_shop|5641|1498
1692915004|promoteosmurah6|281|1494
1469948674|littlebingkidstesti|1039|1465
1087345189|choyancreative|1645|1436
558138963|ydm_store|1573|1397
1700030242|promoteosmurah7|109|1393
464659528|ratufashionshop|1280|1357
1456705793|cincaibeli_com|1513|1338
1106357423|_sapphirestore|908|1335
361046258|dress_up_vee|2099|1308
1428240896|lavenderrshop|1414|1306
1255974897|galeri_113|1235|1290
1510110045|rainbowshopbandung|228|1274
1552859069|zaaboshop|775|1270
1176642584|jams_furnitures|3814|1268
1407354314|promonlineshop|110|1258
853064587|fashionmurahbandung|2806|1247
1024039005|acerealbag|273|1232
1424826779|scarfhouseid|1531|1218
1192785636|popsus|840|1212
1435277773|silvisisil1|486|1209
1512878951|fashionstarcollection|4735|1208
1671338923|vy_collection_|338|1199
230783767|cappucinored|932|1165
326836982|rumahpromo|307|1150
239442852|gwolshop|959|1125
1337121494|sapdhenstore|820|1120
1423607865|sepatulukismurahbandung|2220|1114
1358770774|mury_store|378|1113
966529811|charminehouse|648|1101
1229085392|dagangsapatu_os|339|1086
338265205|ellenashop_marqueaimer|788|1038
1419440433|bagcollectionmurmer|5662|1034
1323986867|llunastore|1777|1023
1704351021|jasaiklankuu|121|1007
1539166593|tas_sepatu_2k|908|1004
1646750039|volsepatutasbandung|363|992
54315078|thefashionablystore|354|986
1599878974|lagayaa|663|946
1608115438|iklanbarang.niiaga|192|932
329490911|cappstorebdg|573|925
1619149247|promote_jualan_murah|216|913
1536538705|gloriacollection|1171|905
480125794|mivibabyshop|902|904
1120653063|prettydawnstore|607|896
1551153672|dolshop_solo|1596|882
1617307583|blaed_fortune|257|848
1561466919|moment.id_promo|543|828
1395700782|ociishop|538|814
560137048|doopstores|1127|813
308209897|prissyoshop|1869|805
799089053|tokobajuazalia|8090|797
1564306806|lmtd_shop|595|780
489900789|pumi_shop|832|767
1499795930|espoirdawn_clothing|714|765
538793370|4ushops|6013|760
1579984482|dailyfashion_os|423|757
1696655187|promo_shop_indo|502|748
1521677577|passionery_shop|1957|746
1620141043|tupperware_ori|1962|744
1623545240|kstuff_id|555|744
1127166709|felizioushop|1232|742
263254790|chiefs_store|1507|712
238985694|rinafajaryunanti|383|711
1414329973|universalfoodid|467|693
632004056|ayoumiee|356|686
1696424830|nue_gallery|118|685
1003435389|promosiyukk|328|683
698433962|keitarohouse|1737|681
385822232|amelova_shop|2244|681
1639127390|an_nur_115|1166|669
978101218|ridiapesik|108|653
1558955862|people.shop|716|645
1225713747|clushy_store|1444|645
1507100426|nonamuda.fashionstory|1466|644
333581882|n1shop|1803|639
1623601427|the_la_gallery|314|638
1273659779|ethniccpop|280|635
1421963285|swin_shop|1406|625
435343753|oldiescompany|3251|622
305153947|upibaju_ku|4653|622
1587271394|ranfitt_stuff|401|619
790112339|docmartstore24|3287|616
1437740559|niserashop|390|613
1228176477|enzo_factore|603|611
1639767643|iklanproduk_14|71|606
1582429816|sepatumuke|428|599
558568118|feliciatanuprayogi|403|573
593493824|zahirahijabcollection|526|569
241773008|bikinians|15875|566
292567237|adisayu|544|560
690252259|trianashop22|172|558
1587435717|magnaformen|404|552
1661206999|anisanshori|103|546
976958089|jannatiidotcom|680|541
1236654772|nkr_shop|278|540
1608189613|dneysshop|749|537
1417642366|ayokahijab|1030|524
1692638687|jasapromoteiklann_|11713|520
1508272987|yukpromo|37|510
359482352|nindstore|256|507
1566054305|3point14_shop|568|502
1086244511|gmjamstore|998|502
1227960550|danielaprojet_id|304|501
1560704321|kingstore99|1290|499
1514019058|promote_yourstuff2|10804|492
1551341850|kingstore_os|594|490
307403552|diytaagustina|487|488
1420348307|stoneshoppe|129|482
364564380|faridaafajriati|231|480
317157393|yulindafirmanti|3675|479
1519017455|iklanjulianakyooshop|165|475
47804822|albertinaerica|646|474
1244055117|shoepaholic_|2519|473
1452274503|jualbantalunyil|2027|473
234848393|cubaklikshop|4655|470
481038910|espoirhouse|2990|460
1490246277|blinkbag|539|460
1417250809|jrs_onlineshoes|285|459
1265602997|yafashop_id|154|457
46558113|rianshop_id|373|455
52327444|yemzyemima|985|453
1589943039|fadilastore|230|452
1503600218|drmartenslabsproject|519|450
1597517697|allday.shopping|443|450
1448094511|queenra_fashion|603|439
1092771397|azzaidabutik|719|438
1419078369|afashionshoop|920|438
1290632303|pyjems|939|433
1674523131|al_jabar_shoes|727|430
253432684|denuy_capture|453|427
375444259|langitbirushop|410|420
26447031|gekdeean|2288|415
1519962186|slow_shoes|243|412
561534966|superjerseyonline|685|410
1611876001|gudangjam_forreseller|203|410
679526001|ninaonlineshop|192|408
1570422591|rgshopbandung|1972|407
1585593025|yuanita_ds|149|401
16786161|cullotes|1512|394
209140421|nd_shoe|1050|391
455901870|rumahasi|13062|389
563126985|veranicashop|1845|385
755777968|viahijabstore|3274|384
871577318|stripsshop|1506|380
1111876824|alafandhybeauty|824|380
1077995770|bajuonlinemurah_bandung|2168|377
545739620|gsbdg|786|374
1413788204|andreashoes13|531|373
1599550759|lafinzshop|156|370
1460068112|andra_rica|92|367
1067839958|doyanpepaya|896|367
1069249404|moniqbeautyfactorshop|1587|367
1471011005|bimaonlineshop|5538|365
1142124554|djotanstore|3866|361
1648383722|faluryolshop|3879|360
1035157455|nashwaonline|333|359
269254154|beevyshoes|1445|359
1685618671|tsjstore|119|356
1450074507|falya_shop|261|356
1089106782|deboomshop|1045|352
1336193957|beauuty_shop|663|352
312764416|anyelirstore|512|351
1526897449|may.littleshop|445|349
1498365352|ycollectionco|585|348
253332110|dinidudul|755|340
328892189|anggraenishop|2501|338
1097621204|avvstore|671|337
1722128627|docmart_store18|299|333
1401129575|mangoproject|205|323
1019124656|desipurbi|1141|320
1673072237|fashion_access99|337|319
1520982608|typical_blogger_|611|317
1581658165|nightlady69|1591|315
1692676393|iklanstripsshop|41|314
575958987|inovashion|4205|311
1598850676|bulanputrishopp|4205|311
1591402312|antik_all_new|177|310
1531259931|magnaolshop|348|310
1643824122|lindy_collections|1386|310
1685457848|fdnshop_murah|587|308
1607290457|rumahterapilia|5123|307
1455076594|ghaniyycollection|1069|302
1684834023|zeralexa|77|302
1284435338|uutstore|3129|298
1698081078|ezraolshop_bandung|57|295
1676246590|pinkcableshop|145|294
1654859137|dimshoes8888|106|293
372786777|kakukhashop|3187|293
1384406956|rumah_anak|1152|292
1364924395|bebemart_online|2291|291
1537563464|gulagula_id|2925|283
1133347710|kravucishop|104|282
379272186|babyswardrobe|1081|281
1149242408|dpoy_shop|256|280
1389088409|juicylucybtc|3188|279
274009471|olynbolyn|1005|276
1175789061|smileshopsby|1054|276
993084828|queenyshopp|404|273
1391849617|ohlalaprettystuff|155|272
1484514608|grosirjilbabf_duocolletion|603|271
1448360733|sneakers_coy|237|270
1387507082|sexyclassyshop|920|270
632256338|riagraeni|188|269
1508856484|nilatales_ind|398|265
1570275990|tasntas|125|264
1513426509|baju_cantik_cek_aja_dulu_yuk|423|261
1255808714|noeranggary|125|261
1481853642|elbalqis_men|324|259
1688615447|wekastore|164|257
1490215371|feonapreloved|692|257
176454242|sujipurwandani|334|257
949634931|sepatu15|249|256
1535264676|beautytrendy_os|208|254
1391822671|revenueshop|214|254
842529651|bikiniswarehouse|2873|253
1402976836|majorikastore|221|253
1663031053|nn_str|239|253
503921521|nindays_|191|253
1233431986|astriscollection|1670|250
1393699161|viebie_boutique|325|249
1683278817|armel_shop|263|249
1061163678|ashoposh|263|248
1648257258|winna_promote|66|247
854291173|abchijab|537|247
341018035|mykitchenhelper|469|246
1540157610|elftryh|402|246
1254443929|lookatme_daily|1945|246
1515684025|risda3009_shop|286|244
575574679|ratu_shopping|2615|240
1345455130|arfootwear_|1710|239
1523087343|grosir_sepatu_|203|236
648158546|ydmstore2|170|236
1694504386|bulletz.id|371|235
974084694|farytelleshop|251|235
1540507219|hijabeveryday|2402|233
372207928|167corner|306|233
1707821112|promoteiklangratis|29|232
1707492916|dikhaima_store|181|231
1650796221|jasapromosiku|616|231
1629289441|eayuwstore|124|230
1640632384|purishop16|85|227
1687740813|aiiclothe_bags|23|227
657103480|fashioneconic|2049|226
1431527488|qwink72|139|225
1690349419|riskyshoes|51|225
1521432403|blessingfootwearstore|1507|224
549044871|anitaonit|418|224
1558464511|nendy_clothes|51|223
1186075511|yunniclothing|706|219
1563652191|mommybesties|477|216
1500598674|richshop_rizna|242|215
222566920|garagesalelicious|35|215
46589909|kemuttiara168|257|215
999253861|rays_corner|1206|213
1671369010|nasafashionshop|62|213
1387754361|endik_tokopraktis|375|213
1529999396|varoapparel|1383|211
1124925032|azcost|272|211
1553745017|kimmom_kimmom|185|210
1698897816|castlyn_shoes|389|210
1582289105|bandarsurfingbdg|294|210
1691568553|2048shp|57|210
1565486429|stylish.bunny|1529|209
1615243081|os.promosi|46|209
1595096932|grosirsepatubdg|341|209
1690612233|deruebigsize2|274|209
1353706869|re2onlineshop|376|203
1544049548|lovelylooshop|405|200
1224348899|ulshoes|1158|200
284071012|tiniwie_shop|77|195
1693941531|arkhaashop|154|193
490369319|tithashopbdg|379|190
389130009|fullashop|488|190
1651822846|haohakenkidsshop|307|189
1020751956|kniturzshop|328|188
1395741168|fluztly|1891|185
1360294379|anisaabehel|2620|185
1099693398|krabbyshopp|1011|184
271408071|kluckshop|139|184
297989577|kissofapanda|590|182
1579588594|outfits_id|429|181
514238168|auntysshop|262|181
1682116944|myonkbandung|35|181
1499254046|vie_online_shop|527|180
1550707641|shagi_olshop|150|180
1019014187|nathhshopp|886|180
1680262417|myskincare_jafra|788|179
1180417718|irinnshop|77|179
1483251224|vaire.vogra|241|178
1597903533|geminia_shop|47|175
1368225257|estrellastore|636|174
1519814711|altogether.c|1374|174
1450200349|anny_collection|865|173
1620482670|momoe_shop|670|172
1512901434|daposhop|438|168
554341452|rickyga1004|246|167
1268333299|mokamandas|212|166
1598050061|pitikrajut|142|165
1405105679|modestshopp|150|165
1571116645|bimaonlineshop2|637|160
1558383360|90s_onlineshop|147|160
1553100397|sindy_naquinnikshop|164|158
347329486|novi_es|318|158
1433621791|dwi.artawan|4007|157
509794164|riryrifaa|186|157
1506950005|amiko_shop|137|156
1508852713|dandelion_butik|98|156
458879028|e_aga|84|156
175178692|closet.craving|557|156
374718540|dew2_cris|205|152
1497536513|felicia_perfume_zoku|172|151
1276750245|bellotbabyshop|691|151
1557419925|ismailpurba|139|150
1371955185|ssbabyshop|1113|149
504934508|beebeautyhouseshop|567|149
229406139|nuruliciousstore|154|149
1691543435|yik_shop|236|145
1694239360|andwifashop|240|145
1277230456|majestymode|2683|145
1643632651|kenangashop|159|145
271686651|khumairrah|938|145
1595667116|lockstuff|169|144
1447819930|instagbelanja|263|144
281246900|rafifashop|253|144
1352091938|windamarani|209|142
1544008750|py_shopping|243|142
553068928|ichajija|208|140
1545402870|elfiraas_gallery|202|140
1333320220|devstore_|940|140
1596656562|8luckycloth|122|139
1539216147|nurrshop|193|137
491405876|cecefavors|4745|137
466418561|nisnisanf|141|137
1206563968|funesya_shop|533|136
1556072848|sevensanabila|618|136
1679581179|ghara_shop|264|133
1682919163|toserbaanak|24|133
1670098807|syarissence_id|129|133
1646482852|zobestore|242|133
1284140619|bajumalika|8262|132
1473371815|bluelicious_shop|150|131
270932704|bakealiciouz|855|130
1685286799|haturrastore|214|129
1286254510|quinn_beauty|928|128
1700048406|elsakharepost|40|128
1364207963|sepatugadgetmurah|117|127
1584756039|spaceyshoppe|47|126
1087241273|noviafransiska_novia|303|124
586968472|enstore197|142|124
339922913|_bukalemari_|241|123
33210865|forever.eyeson|512|123
1639629685|tommingshop|1085|121
1651786492|hannababyshop|79|121
222472924|sizzlesap_|220|121
1593921025|fesyenfabz|188|120
1689961610|tiganshoes|121|120
525139050|geraimima|339|120
1548579137|bilmitshop|51|120
1522037582|dilectum|523|119
1683847450|pearloysters|37|119
1274862393|funsporthouse|279|119
1686350553|fanisa_niesa|32|119
1559050620|d_amorra|129|118
1416527771|_anproject|376|117
457163101|eightup_|670|116
1091187026|head.to.toe.id|217|114
1405193868|sardina_hijab|408|113
1701690749|aboutqueenzahra|115|112
1669099924|jizzy.sister.shop|185|111
1698805928|zweety_shawl|79|111
1559322970|wildanizzstore|48|111
1673092509|hongchafashionstore|89|111
1355138359|mielidi_bogalakon|286|111
1683678063|naurakidsstuff|85|110
204299378|gzl.id|148|110
601056717|nezfm|193|110
1422307075|nayashopbandung|84|108
1509355061|amshopgalery|392|107
1510546850|oysem|131|106
333966532|lumiereeeee|570|105
1582108239|nelson_shoppa|60|105
1605748368|nurhasna_fashion|109|104
344097953|elsakhababyshop|357|104
1425004775|ghaniyabutik|94|103
1693189488|rash_shops|24|102
1589842785|fashionbdg_|105|101
1487572716|yeva_babykids|115|100
1468344690|dunia_sneakers|143|100
1582857695|renatascloset|274|100
1549950793|velvetshop__|866|100
1375123426|xagala.co|133|100
1164147211|heyaliceshop|388|99
1531015815|sneakypiece|92|99
284151499|cescacollection|303|98
1711289125|nanaurashop|31|98
1180794347|arabelle_shop|226|97
1696588541|frid_store|45|97
1691299917|tasranselvintage|108|96
1287725953|ziazia_shop|177|96
1319859779|raqilla_babyshop|5363|95
1461521209|testishoepaholic|9|95
1493440574|blupblupshop_shantyindri|172|94
524713827|reshapuji|163|94
1682862919|macaroonbandung|78|93
1511286934|superhotsale|2030|93
1518884982|vendrashop|578|93
1461774202|ryana_onlineshopbandung|108|92
1629205212|mijascarf|145|91
1529025358|shop_and_peace|62|91
1514502254|sarikayacake|83|90
1458872487|babybikiniswarehouse|318|90
1633343100|2enshop|52|90
1491086675|hereonlineshop|221|90
1420341355|umeapidshop|150|89
1685466502|yeologyshop|229|89
477501761|gzlshopp|284|88
1024203055|trustedgaragesalebandung|709|87
1522947062|airakerudung|359|87
1655617903|dhen_shopping|63|86
1356434267|galericewek|62|86
1329227837|yuqita_komunika|21|85
1684329639|monissboutique|142|84
180478974|mutiaranurmauliddia|156|84
1634641227|agni.wulan|210|84
443558426|lalitashopbdg|201|83
1647793540|girlsgogirl_|63|82
55071283|farra_fabulous|222|81
1638164817|greenmixieshop|72|80
1401231292|rindfours_id|165|79
1590023243|houseoftoysbandung|55|79
1602701360|beginbag_shop|175|79
1437966199|yz.fashion|30|79
829768020|mamachiarababyshop|860|78
1477116051|detsrait|128|76
661046486|flowrincshop|39|76
1557010043|shaesashop|167|73
1611231056|uniquebagsshop|2083|73
226902476|dzihnislm|134|72
1388804596|finshope|164|71
1480649898|oln_shoes|408|71
1636121344|larashop_id|184|71
1180009565|arnismethaputri|99|70
1478643196|oln_totebag|109|70
1650917731|needkidswear|242|69
205736692|meipaishop|180|69
1485734724|newstarshop_|41|69
1665472463|beautyholic15|126|68
1586863922|lolisnack|216|68
1278619076|gallerysalama|739|68
1450804430|anafashion_stuff|40|68
742302869|houseoflnd|1330|67
1621685162|theraskincimahi|169|67
39345352|nenadavina|112|67
1448030182|makaiothekid|2600|67
1684638542|winds.shop|1131|66
1721988818|hopastore|48|66
1681685415|theteens_need|42|66
1580137891|mapsproject|75|66
882988690|heinshop|58|65
396264592|instinct_k|190|65
1166225860|elle_nughros|141|65
1303184466|xoclad_|371|65
1683317324|6and6_shop|94|65
1657176774|maven_id|772|64
1180090660|mirukushop|85|64
1485375733|yunastians|343|64
1539304823|authentic_storeshoes|65|63
1046669820|belleivedstore|223|62
1424271496|d_thashop|65|62
1655319042|melvieshop|130|62
1561915794|byd_shop|34|60
1371739525|krwlshop|114|59
1584530766|iguanaku|92|58
1115258331|sugarandlips|1265|58
1718239830|littlethingyouneed|74|58
353298209|rosemmariie|642|58
1608249790|nyoen_olshop|66|58
1452551891|lnc.collections|230|58
1406562526|banny_shop|208|58
231608246|luthfikhtr|269|57
1679484675|nadanisolshop|131|56
1722251966|serenity_store|50|56
1051058962|ocetakayama|39|56
1677516988|shinystuff_shop|135|55
1673782727|tya.shoppp|84|54
1476624223|springblossomshop|407|53
1546009094|ridia_store|69|53
1650783336|gie_onlineshop|1380|52
1622268441|theessential.co|64|52
1456332518|unparalleled_creations|78|52
1501585038|prima_jewelrystore|188|52
1591108139|armeniahijab|112|52
1491222184|wide_shop|469|52
1065287071|sharakanaya|166|52
1723088093|ameliapratomo|44|51
1514469958|3nrs|43|51
1677981185|rpccforyou|62|51
854864699|nidaawalia|372|51
199496660|ost_shop_collection|411|50
1709915899|houseboutiqueme|175|50
544921636|thedicha14|691|50
1711099135|shoppajeans|14|50
1418467280|sweetbelle_cookies|78|50
1552713718|bills_shop|61|49
176469637|glucogen_novie_moment|156|49
1562209675|fuzimoslema|101|49
1485511027|geobugishop|163|49
1532238696|versjhe_id|72|49
1708548549|vanilla_shop99|11|48
1711266753|deanzkidswear|59|47
1624005792|byyouandme_kids|56|46
1602309209|hpyit|1115|46
1707155998|yeologyadv|6|46
1594281386|everflow.inc|138|46
1646065809|baju_rajut_grosir|42|45
1225225325|smshoponly|71|44
1648299349|konveksikerudung|102|44
1696659816|olinnshop|129|44
1531962041|simone.yulianto|129|44
1651808784|ohmyfootwear|34|44
1593290868|toko_kemurahan|160|43
906875861|motemote_motemote|97|43
1390279255|finyanshop|40|42
1657215720|benettashop|23|42
1661165864|summer_yurie|46|42
1717593998|nuystore|4|41
1646365591|sicepatbandung|44|41
1384467743|macrame_project|194|40
1470494338|come.come|1021|40
645822554|rachmanas|45|39
315417747|giesaa.a|105|39
664377806|mnstry_|275|39
1570022709|promosibarangolshopku|15|38
647829128|waroonk_indie|197|38
1659305278|gesihellokittyshop|56|38
574468970|midyhouseindonesia|158|38
1701004540|dbelle_shop|24|37
1679843477|goshoneshop|196|37
1600145633|tastenjoy|240|37
1701978082|lazeta_semarang|204|37
1719931827|tokomilkan|78|37
401804283|rikerianti|162|37
798121538|terocamashop|330|37
1640481711|bfashion_project|859|37
1694522140|tommingshop2|95|36
523787548|andillafu|383|36
1434428225|dessyyuliana03|129|36
1685686862|simplyshoe|52|35
1605205092|dapurhangusdotcom|1045|35
1544419884|sofianinecollection|53|35
843734252|untitled_shops|26|35
1614457073|2.gpshop|36|34
1696868735|hasnaolshop|17|34
1319556842|siska_nl|226|34
1198963531|diminatiproject|63|34
1687457077|lenne_lucrecia|351|34
1419061112|minoniminoni|1211|33
1623652982|azhazizah_shop|190|33
1623960528|kokkilibabyshop|37|32
1702268166|schoneverkauf_shop|510|32
1638082628|garagesecondplg|47|31
1285882818|mequnishop|3226|31
1512851046|candice_tale|115|31
1679166111|sty.shop|1021|31
1663383136|lucyanne.id|62|30
1711197164|kaleela_by_ga|30|30
1698674934|flode.id|19|30
1683111142|vanzz.olshop|37|30
1564298696|_barberman_|94|30
1659028199|armarzshop|69|30
1508920259|grosirbajugalerikay|77|29
1589006299|kaos_surfing_inc|464|29
1694060762|tokitokios|8|29
1695504558|ayufaashop|37|29
240453158|sweetly.cg|404|28
1700638597|n1_testi|3|28
1454813512|alquebyhotel|30|27
1166672891|chocolastore_jogja|72|27
1547147442|sepatudanjersey|343|27
1688816019|felicishop_|59|27
1650403788|kojo_collection|23|27
1705184816|qeindrababyshop|17|25
1695233077|serbacewek|37|25
1472795828|tiffany_felicia|187|24
487040728|prelovedbyflowers|388|24
1603115798|urahime22|47|24
1467450394|advert_brightfolks|11|23
1664245465|animal.hat|179|23
1725695204|riyanishoes|1|23
1647868719|ashisicha|27|23
1724790226|nuegallery|10|23
1211614763|reynardjevon|221|23
1689996755|ovyecleosatm|6|23
1714747955|my.mark|12|22
1702335803|maryamhijab|42|22
1641189258|ekswayzet|22|22
1661022210|thejakartawatch|15|22
1561161619|dk_collect|94|21
1664055898|anonymous_work|78|21
1550002295|labeaute_darling|189|21
1383924358|hoffenheit|158|21
1366287277|garagepsale|60|21
1717291574|promote_barbiebodycare|34|20
1109338056|de_blossom_chic|44|20
1698030827|astoreshoes|3|20
1273215609|nffauziah|62|20
1694082536|chaotic_collection|30|19
1676965060|inhershoes_lovely|9|19
1516151129|zaranya.id|29|19
1588678138|orangepackage|80|19
1558448685|babyhazshop|37|19
1690234113|pashminaradiva|41|19
1595152145|dhaha_shop|36|18
1701480073|medusa66664|5|18
1697631280|tuntaz|91|18
1603909160|alous_os|187|17
1712584100|raintfam_shop|26|17
864160081|winndasu|119|17
1294426879|luttherbroo|48|17
1689995774|hk_toserba|338|17
561916781|fluffy_house|46|17
1723529714|himawaristore|292|16
1713945457|easystyle_|46|16
1537367534|vveafrozen|97|16
1587177360|verhaltenshopid|26|15
1460277949|rainbowsteel|42|15
1333599378|razha_collection|27|14
1651660318|xylophonekids|36|14
1720543841|rncorner|14|14
633901610|magenta_shoppa|58|14
1640750950|ipung.ipung.1840|10|14
1685327526|d.daysh0p|17|13
1696344352|co.shop_|26|13
1683530488|inianna|17|13
1585570879|nesndashop|35|12
1674213979|rakkuchanid|42|12
1649412853|vouchergratiss|15|11
1270672163|evilqueen.wearing|64|11
1608404960|yumnanaura|39|11
1696417732|amabelbeautycare|16|11
1689901003|the_ketssi|12|11
1464151419|ciepetz|29|10
1512317608|ohclubs|26|10
1685179889|begavelse|31|10
1551008337|lyndalamour|231|10
1710798180|astinackstore|12|10
1700498102|goldqueeny|55|10
1662367877|prostreetid|1038|10
1697865913|naemistore|5|9
1637930201|plusminusid|61|9
1718232924|whiterose_closet|26|9
1615820698|howdy_id|5|9
1699025344|limited.clothes|50|9
331722675|khansastore_|172|9
1657294596|appetitepastry_shoppie|251|9
1195599774|knit_store|64|9
1721511999|beeofficialy|11|7
1515416577|prelovedsecondstuf|2|7
1701462989|mefs_official|5|7
1668344705|walka_id|12|7
1280403881|elyeshop|18|7
1726584958|toko_herbal_tiens77|48|6
1714092836|aphorostore|9|6
1710866522|shashoppe.id|16|6
1693967909|niqs_mq|29|6
336857313|monicaugustinel|520|6
1650976989|ilhamsyaharslan|24|6
1696397126|demonster_inc|70|6
1684917091|yangkostuff|7|6
1692960891|nonymeefashion|9|6
1640476841|beauhap|3|6
1725755830|wildbirdcloth|7|5
1714698585|scstuff__|9|5
1710563338|queenibags|3|5
1727295217|deefashionbaby|16|4
443568755|promolalita|15|4
55041213|elskezia|6|4
1595114246|jiestore|7|4
1714330390|pienacolla_shop|17|3
1613875637|maskerherbalku|0|3
1683699637|kick_shop14|9|3
1701097106|amishop__|1|2
1720081794|house.zahra|18|2
1697476033|shanaya_id|8|2
1681785401|flawlessbags|164|2
654700860|jessistuff__|188|1
1712670882|zahrahouse_|8|1
1703873210|thesecstuffs|3|1
1637085336|jullzgblg|27|1
1695037031|ithacollections|1|1
1691327648|arienashop_bdg|0|1
