200445967|promopromolshop|19852|187677
455933850|promoolshop_id|8082|105240
186800622|sayay|8082|105240
674553506|iklanpromote_os|3868|105005
344330084|iklaninolstore|3496|85555
1299485780|iklan.promote|10185|75413
1313392000|iklan_barang27|7540|68643
1161550348|iklanbarang_92|9348|64257
1019792927|iklanbarang_91|5495|62836
1471260421|promoteebarang|6510|61500
722581458|ratupromote|5848|57108
412639497|carireseller|14257|53918
1418227616|media_iklanmu|18528|51479
1347062860|iklan_produk05|4140|50490
277543651|indonesia_olshop|11486|49042
1522731138|jasaiklan25|3180|44852
249897834|promosionlineshop_|2215|41062
1329754970|jasa_promotemu|1861|27411
1114349172|iklanpromosindo|4102|23675
1332154105|iklan25_os|2599|23064
1503785277|urnewpromote|1860|21374
498101251|promote_yourstuff|5021|20961
813543286|jakartarepost|3292|19779
1462924379|iklan_olshop87|4771|18824
751912894|pariworoinsta|1394|12548
244739244|iklangratisindonesia|7912|12394
1396769210|promote_advindo|5075|11723
1564552691|iklanbarang9191|2960|11264
1510982337|jasapromosi123|478|10558
1350414098|info_dropship|74358|9526
1537204728|iklan_super|753|9481
514125688|iklan_snr|455|9350
1471459439|murah_kosmetik|700|9101
267009986|blanjablinjionline|3573|8715
1394988867|paidpromoteindonesia|659|8663
1294216289|mallonlineshop|16846|8396
1607983726|iklanbaraang_item|4221|7882
1609004022|iklannbarang.item|2136|7479
1610771709|iklanbarang_item_|1697|7276
1409614024|rodiofthalmos|1697|7276
1327876430|iklan_terpercaya|4880|6599
1610190368|jasaiklan._25|230|6495
1640953091|iklannn_12|1262|6469
1642065069|iklann_12|1300|6373
482627637|nisrinahijab|2817|6033
691652178|jasapromote_ok5|4839|5921
1467328201|quinnbee_repost|4956|5899
505471409|houseofnaraya|1391|5812
1612725529|iklan_ig_terpercaya4|460|5758
1650708073|iklaan_12|1245|5750
1639851328|promoteosmurah1|1687|5212
1616799599|promote_barang_dagangan_3|3699|4926
1610554150|new_iklanpromoteolshopp|1286|4586
1655171250|iklaann_12|653|4432
1633524594|promotetermurahos10|229|4101
1650495336|promoteosmurah2|1251|4064
1633603857|promotetermurahos11|260|3900
1633622003|promotetermurahos13|265|3800
1634468767|promotetermurahos14|226|3700
1611910314|iklanbarang.91|190|3678
317601794|r.s.f.g|2928|3674
1320107939|midorishop2014|680|3650
1509600595|bebegifts.cs1|721|3601
174548171|rdevenuta|9683|3576
1114828386|aisyos|1349|3566
1635930945|promotetermurahos19|255|3500
980589069|jasaiklan_18|247|3455
1634475373|promotetermurahos16|241|3400
1613997685|iklanbarang_promote92|250|3326
1635932355|promotetermurahos20|246|3199
1635929998|promotetermurahos18|165|3100
1349550528|paidpromote77|399|3079
1439021882|promoteeyourrshop|1178|3010
1684159779|cottoncandyjogja|1178|3010
50197996|tayanganpromote|490|2919
1509584052|bebegiftscs3|591|2868
812417065|id_promote|1509|2655
1635934254|promotetermurahos22|146|2600
1614008327|iklanbarang_promote|151|2565
1546775895|promote.murah|396|2540
1577887157|iklanindyshouse|215|2499
501117359|yurienaolshop|3235|2421
284031082|nvshopjogja|440|2391
1683268672|iklan_galediro16|218|2358
1476918727|labellemarrieboutique|474|2339
1610275508|iklan_barang_27|123|2253
629687456|jasa_promotemu3|132|2114
1612199708|iklan_25_os|109|2104
215816026|nextbagshop|597|2035
1336285230|hippioshop|486|2018
1266977419|instapro_shop|776|2000
331288194|jendelarumahsby|3091|1996
407504740|promote_indonesian|3110|1988
1684916065|iklan_galediro16a|145|1848
551644367|chocolastore|4314|1825
1521093732|iklan_di_ig|2640|1807
672171546|storemjtoys|990|1780
1628659550|promosi_termurah|248|1774
197027978|arjunaystore|1824|1771
201430203|divalukita|323|1748
665205456|davinci_shop67|1169|1733
1558105535|iklan_galediro16b|190|1724
450054952|adeleaccessories|2246|1692
1697789013|yukpromosiyuk|98|1632
682613425|carolinewongbag|2445|1601
1330525158|repost_laquinnbee|1236|1568
455857009|nymphaea_boutique|5641|1501
875232512|trueolshop|6329|1430
693215898|pinkgaragesaleid|3499|1402
381275307|pitufa._|871|1366
1488846582|proucess|288|1358
361046258|dress_up_vee|2099|1308
1176642584|_jams_furnitures_|3815|1268
1610298844|jasa_.iklan25|51|1254
1424826779|scarfhouseid|1532|1218
1192785636|popsus|839|1212
842648183|anindya_shop|1292|1210
1410502742|shockinglabell|1026|1201
26135245|erlithmaaa|434|1165
1620322777|iklankoran|81|1150
678638475|ovio_outfitcollection|961|1116
387726405|milishop|1824|1111
672920905|aastore_aa|2574|1059
1524693910|m2n_hijabdankadojogja|448|1046
1011285316|zagaa_shop|2306|1024
360835863|caecilputri|6146|1015
344848804|aura_glow|13591|1010
1405261275|shinebagshop|151|1004
515242503|princess_hijabb|3493|998
1445883555|produsenorganizer|481|996
664838565|twinkl_bee|3953|986
1026492102|mocamocashop|458|972
1528445896|lalovacollection|433|971
1114383070|fasscloth|1716|942
557028870|kokaind|1886|935
191116684|croptee|5495|924
1536538705|gloriacollection|1172|916
1628054559|princess_seifi|118|912
1120653063|prettydawnstore|608|896
1618299261|barang25_os|43|895
50734232|houseofarita|1629|890
272074990|stobelii_shop|2131|874
1357425526|asri_store|1022|874
33648180|auliahs|929|856
1396859963|nshappyshop|3559|827
333635463|wihardandi|621|818
1228817084|adorabee_fashion|1569|808
1003183592|seutababyshop|1487|799
1399918858|ayookbeli_store|533|781
47986160|lilissudyani|3956|778
1001021242|emysstore|800|752
1378989757|theglory_shop|6883|734
465255906|empatbelas_id|865|721
1232082242|vikiadani|1864|713
1486495054|dina_shopping22|163|706
1696424830|nue_gallery|119|702
1097704120|jualanku.id|521|700
1523728230|aikofashion|2348|700
1654868367|promotechocovel|42|696
492391270|esra6000|2754|695
1666273875|dianshouse|2754|695
976461033|jennie_jegging|2888|690
1217862621|beoly_makeup|1422|687
1298434029|beautycarela|468|684
976704740|drshop_jogja|887|679
1679942176|promoteelsagroup|118|674
212937277|pamungkas_denay|758|673
50215157|chippershop_yk|264|669
939483881|warnawarniishop|173|668
1409458949|aisuishop|2904|663
1507100426|nonamuda.fashionstory|1467|645
1225713747|clushy_store|1445|645
248063735|opparels|5309|633
26667936|nblsh|509|627
435343753|oldiescompany|3252|622
47443370|indahilson|337|618
1498930368|dwistshop|287|612
1480968750|syarafina42|387|605
249944699|ullyarifat|886|599
30652004|zahraavriani|702|597
482939878|behelqueen|1681|588
417052413|amifashion|1163|587
1474811726|repostgratis|122|587
184015162|fatikasushardi|122|587
205299595|sioyak|431|584
236421060|dyah_dee2000|143|580
1552720079|alfisashop|1251|579
206618176|zarracarenta|588|577
965965449|nalinihouse|291|574
1584384040|natshop17|2006|568
1108371955|michigogirlstuff|394|568
561306159|desiaskitchen|3429|566
1462285645|meibyshop_promote|48|563
1250135659|flowerys_store|1030|557
1232848633|yulindshop|379|556
1476908012|arumlaksitasari|259|555
323786501|trendshion|15866|551
994364963|beautygoods|1969|549
530463662|putikshop|319|547
1431624051|iudasshop|235|543
325037701|leadongyu1209|224|538
1285893176|origamifudoshop|2951|534
14884295|virnaar|155|532
497885010|lapakonline|174|530
1423944516|anyelirsbagstore|345|529
311357621|hosofshopaholic|34063|524
1479082474|windaaprawesty|852|522
1473802251|demona_co|615|521
645940861|gegez_online_shop|144|517
448895602|ariskanurama|237|508
359482352|nindstore|256|507
1086244511|gmjamstore|998|502
632790368|your_sugarland|3376|502
1024691056|deerhoney15|81|500
1418092007|rokalisa_hijab|1568|499
1595192004|butikitajogja|80|497
288445016|visantishop|445|493
1070474411|cari_reseller|5048|488
923106551|yaseshop|471|488
207228197|ta91mii|253|484
242659407|sdyahamir|239|482
347234516|aypreloved|1420|479
469237642|akibaryou|515|471
1285218356|jamtangan_yk|716|471
1692727587|hes_shop17|447|470
376652554|dolovlashop|4620|464
673207124|zhaazahra|325|464
774191860|nurfitriani14695|150|461
189195646|raniiranz|546|443
326210458|dailywardrobe|1231|442
179727681|juniorslp|286|440
54318150|tommyfunz99|626|440
1522200291|inggridyuni|576|440
222869986|joselitoweed|334|440
29114090|pusparinaa|276|437
646863065|siaasihshop|326|435
1172856629|shironohimitsujogja|468|433
862720393|megaderivatif|181|431
1395150955|azhariashop|120|428
246653165|chandramelynovi|475|427
648572677|muu_indonesia|686|424
1397840804|vnotime|418|424
1623969256|promote.jualanku|57|423
360665500|vavshop|1394|421
1394813888|fitriazzahra23|355|421
1401945204|fafiishop|350|419
1649487707|thegoodpromote|86|418
245543473|lovishop_dan_halobalita|983|418
1526073215|bso_surf|189|417
1172304500|aqweenshop|888|417
827705879|fadlikashop|548|416
979958818|semuamurahh|327|414
202348751|nimpunashopa|622|412
351334325|ellynclay|780|411
1611876001|gudangjam_forreseller|204|410
565345943|thaneashop|2627|404
466287585|afnirohijab|14594|404
364128199|luis_hernndz|14594|404
1360617622|hawanishop|142|401
324204811|meizhelpeachshop|1001|401
985953317|missbazaarindonesia|4368|398
596561093|oleholehindonesia|863|397
1550281462|sprinklesale|502|396
564821972|rizqiiarinii|464|389
286792943|vernalvintage|5971|384
200481630|tievannz|679|383
1032801565|erfeshop|2474|382
1378535448|liliyashop|1096|382
1331953992|supplier_bodyslim|1988|381
189544119|cipukoya|807|378
670291822|finetage_|710|373
32285853|diazputria|526|370
1350398511|detikads|14796|369
375499985|elishavitari|388|369
1069249404|moniqbeautyfactorshop|1587|367
1005330150|deabatique|1862|362
481360017|victaetriany|554|361
665954725|shawlmeshawl|306|360
1121256571|boutique_kiss|917|357
1384550568|keynashopline|93|353
1543826286|lunnatique|807|351
1035824907|circlekylie|1433|351
1059959579|carolina_etha|278|349
1378806494|jambi.muhidin|80|349
202253481|onkybonaventura|110|347
51183931|agness_19|1605|347
1154849184|shafia_hijabstore|2871|346
362032587|shopatvice|3179|346
1509756791|ameliayushop|799|342
263736857|gantilemari|8895|341
1281507979|yusufarloji|49|341
1365082300|filmasroom|312|340
511214314|shopsadila|302|339
328892189|anggraenishop|2501|338
1123672280|miss_splendide|505|337
712569462|sagi_shop|933|334
1701268496|staramelstore|933|334
1340251206|argsr|149|334
1472520143|dress2u19|98|334
211682565|hervitasari|808|332
976373555|suttrash01|1345|329
1036100635|adhienshp|340|329
1457420698|surabaya_id|282|328
1670506406|darucollection|97|326
531041022|maha_kebaya|820|326
211666335|shsca|947|326
1275047726|4gav_adv|81|324
1628795133|yuniaolshop|144|321
759856459|feliciteeshop|336|318
615471986|alodie_shop|1134|315
30269961|sasyamutz|368|315
529520948|nadiafrani|349|314
1270400881|fanshyshop|478|314
216126714|tanayans|517|313
989388725|iklantoko_online|1699|313
765530980|ratihrahardiani_fashion|291|312
1143083039|revirahouse|152|312
1015735342|oshienezt|755|311
1551858563|noyuallstar|177|309
52845160|citavanessa|1173|309
1176028486|heyynuna|672|307
584122740|behavior.shop|247|306
280281371|abellintang|376|302
1644141093|auliacollection_|310|301
364572114|els_shop|1626|300
1409686424|oviriandaa|751|297
331758962|zee_store|1913|296
1457937732|er.ers|1137|291
1273884148|anindyasari_shop|1210|291
1319385377|jar_jogja|1016|290
1298162923|jamtanganmurahyk|315|290
55546097|heiidinii|185|288
1489113267|orangelovershop|305|288
1430616578|okeshopmalang|219|287
1381622221|tupperware_jogja|995|287
1510767540|sekartities|323|284
1628908170|octshopshop|168|282
765604134|yukkireishop|376|282
233929127|adsstore|3139|281
193958947|hanasafitri|258|281
1472541767|sectionshore|155|280
1202169610|elsprojectstore|248|279
1201460316|bananashopa|290|276
536061285|anitacitraa|623|276
235585765|afniarosa|864|276
560281626|dayornightboutique|331|275
356948516|jannetroulin|187|274
507938426|vinnychungos|609|273
651057855|shoppforgirls|1215|271
548372679|amwardrobe|2042|270
1591545417|house_of_female|595|269
1542990094|vanillashop_yk|287|266
144475415|ranindyasn|623|266
1415629401|nilamenil|303|266
1533519267|amelcalm|258|265
367673125|defemme|2551|265
1463858434|coolnikekickz|1278|264
1334209368|dnd_store|267|263
1082523204|farappleshop_|342|263
1180376686|sillyproject|1913|262
547033020|kacamatacheaa|446|262
1194682295|indys_house|2068|260
39713627|infauzie_tokofaza|277|259
1568268891|maulistore|681|257
677740844|veashoelicious|416|257
1363858566|lokababy2013|2481|255
1507023516|stunninshop|707|253
557798238|shelsyfc|2076|252
275113270|angel_olshopjogja|370|251
1377582636|oktadewy_|458|250
305790106|mezzalubiashop|206|249
343780685|reraboutique|418|247
1245285503|paidpromote_endorse99|371|247
1380682925|indahricha|712|247
1068335062|gulacake|538|243
1369471817|hijabnbeautyexpo|358|243
1455836664|intan_kristiani|341|242
1067512297|inahijab_craft|284|242
634150037|lindakusumant|1174|242
31704077|rozdianda|197|241
386837867|eealiciouz|379|241
992371398|kania_kyx|301|240
1581957088|sri.ardiati|69|240
930757964|ochigirlstuff|54|240
1538169751|galleryshop27|58|239
1691790260|griyashop_|104|238
1582321550|jesse_fashion|104|238
359542605|zorayulia|104|238
1446799157|odiloshop|363|237
1164767950|crocus_blpyk|1026|236
1367760253|wdn_store|1026|236
181235442|rimbuul|241|236
460853776|beautyandbeads_id|1273|236
1555056560|ndalem_arjs|138|234
1602585796|solusi_rambut_botak|67|233
1420191449|zhafirahijabshop|807|232
208372992|afraameza|181|232
652865894|ghifaristuff|1295|231
1060321366|farlastore|3017|230
1204836959|myfabulouscollection|419|230
1120031520|risk_yk|134|229
370170328|chfeniandra|248|229
965515658|beauty.garage|876|228
1561460053|cowlhijup|1088|227
1122994376|zarwacollections|644|227
932779645|gotchagarage|1833|227
1433513255|deristoshop|53|226
511784264|skincare_ind|2696|226
403122248|beryl_collection|3049|226
573511432|putrishop93|636|225
1239264365|casishop|144|224
940012398|violettashop|300|221
548431856|dconvy.id|25300|220
1503768901|alula.os|1750|220
429317996|diska_shopper|634|220
1200818866|arinkashop|1129|219
361924887|thebeautylooks|1129|219
1481918620|putihmelatistore|78|218
1604871047|gallerykosmetik74|1419|217
1509198040|jerseyfans|466|215
621089077|yunibentsbaju|204|215
633941855|house_of_deen|491|214
316540047|bongkar_lemari_gg|1193|212
1268922127|mixonlineshop10|433|211
210718156|pandalova1899|1195|208
273464784|nengboutique|724|208
1647956526|chocovel_|407|206
1593035715|indiecology_butik|527|206
735093944|clickitshop|482|205
1386150266|sportyjuice|1054|205
1374792968|nayskitchen_|587|205
888725646|diamondjogja|489|204
231288925|ichitashop|317|204
1104228683|sekarcaca|172|204
900956155|kumikashop|711|204
414973351|auliadevi_nanospray|440|203
1068320615|luthfiana_mk|339|203
494142816|myminishop_|339|203
1573686634|kedaimisterjack|1285|202
51133078|aurora_olshop|132|202
1544049548|lovelylooshop|405|200
356145423|farahermawan|1606|199
1113391003|ippo2shop|1334|199
1311489986|flaviavina|284|198
1297647075|lundagroup|486|197
1359311335|pusatkosmetik_id|3597|197
1246999211|bakoeljamoe|388|196
834054054|girlieshopbags|430|196
811384087|peachpione|1028|195
319791847|allribbonthings|261|195
1314783333|ghassanicalla|794|195
912551011|bellabelanja|874|194
445117172|jointoshop|459|193
1575463803|jadeandmaddy|267|192
1151474217|harlandashop|161|191
1597975986|d_angelolshop|195|190
1590063388|heavenstuffshop|302|189
1700147904|gudangpromosi|7|188
540742375|deliciabakery|1263|188
1548871273|aufstore|264|188
1304435530|rosalyaika|317|187
811809037|naurahijabstore_id|1073|187
1578704334|123_promote|115|185
1321178755|ahashoes17|135|184
1480097555|abhinayababyshop|647|183
1006982029|juanirossi1|632|183
1598476353|demenbelanja|1421|182
377874767|rbj.store|629|182
693805031|littletreasureshop|706|181
1234761613|funhijab|479|181
1019014187|nathhshopp|886|180
1237303533|nonajadul|836|179
709079167|rieriegrosirtas|609|179
1423854461|farahstuff|4015|177
506740062|yosidita|646|176
1662230842|diafastore|72|175
619882963|usfahbabyjogja|878|175
43506219|mamacookies_jogja|306|174
1572065500|caecilshare|14|174
1084016981|leonyscollection|1028|174
1286469150|gustashopholic|88|174
1450200349|anny_collection|865|173
248076669|grosirbajuku|1406|173
1253886664|sampleparadise|639|172
1398522830|sophieshoppa|55|172
1345083114|la_plaque|141|172
1621644736|_coconutree_|198|171
211130540|fafarufa|230|170
371890663|pastelicyas_shop|993|169
425705905|kios_an58|517|169
1536427261|second_thingy|902|168
226911488|hanidarhmwt|290|168
244649414|fergisshop|2567|167
210469767|d8davide|271|167
1349438049|chaianisaa|805|166
1513980837|jsport_jogja|1244|166
752157793|realmarialea|211|165
338049985|zakiaboutique|207|165
1527687893|evelyn_evfashion|89|164
1327709784|reww_secondstuff|290|164
1536445510|keioforkids|184|164
1426175515|indahfirstline|151|163
363762355|craftserbajogja|3478|163
1453940015|dodolan_shop|155|163
1501717183|sinta_firda_andriana|436|162
1560061207|batiksarika|82|162
1131055011|room25_|1673|162
1421340759|abt.at|96|160
817751164|imhijabstore|275|157
1315145955|glucogen_network|397|157
1284604151|zhangluciana|489|156
599703044|bymyranda|405|156
536817605|titaritadewa|1351|155
923071975|lastbitestore|254|155
496193911|house_of_hm|237|155
964440068|widyaningbatik|1306|153
1555902900|dconvysale|319|152
1132143105|herlittleattic|420|152
1084640144|agaetissbyrjun|456|152
919556539|pusatbajuanak|1112|151
483172899|devita_prantika|815|151
229406139|nuruliciousstore|154|149
1456149141|gastlyshop|134|148
1469886884|fashioneffectshop|453|148
517387331|vintage_pearl222|133|148
1448055087|lemariaqilah|338|147
1334099015|auraglow_store|876|147
1182756506|selfcasualshop|105|147
210123559|stephanietanubrata|803|147
558946728|juwitaika|465|146
1277230456|majestymode|2683|145
1457991897|dillaziashop|815|145
1249482374|isminurl|222|144
1467131240|kristina.natalia1990|241|144
1060489161|cuzsecondstuff|821|144
1636412881|balialus_jogja|281|143
1491713915|zeroshop_fashion|43|143
1417043400|rinicita_rcshop|266|143
1266205273|ok_barangsecond|1591|142
1452478964|martha_bells|87|140
1206486602|tamita_shop|144|140
1403709343|soflensjogja|222|140
860276165|ava_shoppa|64|139
1323277884|cho_tikyul|363|138
1202034689|seribubungahouse|474|138
1499624700|fleurzhop|114|138
1354255580|teruterubozu_shop|95|137
598398529|gendhis_ib|320|137
278490278|alinarasya|244|136
1215564623|wiji_astari|224|135
1583612976|nabilashop_jogja|1719|134
624683899|funnysproject|613|134
507569013|intankapra|308|133
463185633|lasyashop|296|133
1694073134|sshopk|32|132
380933534|lucretiabuutik|32|132
1504172738|beautywaterfresh|231|132
1233177990|fenfenshopp|182|132
1145529119|overextore|126|132
1679497557|promoterumpumpum|21|131
815759007|cattys_shop|178|131
1107694341|abhinaya_babyshop|199|129
1329398814|qilashopasijogja|251|129
1135250011|ristlicious|176|128
400128061|imamarifinn|73|128
860545173|nilakantie.hijabwear|1369|128
616202840|serendifiction|285|128
1337674106|intanistyhijab|448|127
1406401870|4_prettiest_girls|73|126
562948851|mergallery|66|126
1231889522|provablenature|890|125
477563952|millicentfashion|531|125
1576936258|the.gatwi|23|125
1117534131|leather_shoes|144|125
1158709544|kulinerdijogja|1726|125
952976688|ummiajwad|90|124
1490750024|cemoeyshop|144|124
337508039|girlsneedfashions|508|124
503177877|nonnawida|335|123
327428863|dewi_karunia|299|123
219839020|minesgarage|227|123
32085730|qanita_cita|194|123
15153421|faricha407|150|123
1184172389|secondgresss|691|121
1512043164|aasmorowati|216|121
635614483|phikaa_stuff|202|120
298408139|saffiestore|422|120
1450217499|hertsteps|55|120
497465777|titaarsika|429|120
1450369340|beliovomalt|548|119
432843590|erelweshop|166|119
1681841216|afshopfashion|95|118
1696346608|academicfashionshop|81|118
1512914236|ichaphotoart|409|118
1016770681|babyshopline|1899|118
457163101|eightup_|671|117
424976965|plummy_store|354|117
1233704563|79s_jullie|125|117
419317890|girizde|331|117
1015004647|secondbestprice|1369|116
1573142001|cantikalaminanospray|259|115
726537847|devinashinta|259|115
54366947|ranggadoyanayam|111|115
273193782|genovevaolga|279|115
1493424418|nomeshawl|52|114
1523524745|kosmetik_super|3236|114
354257645|niyas_pw|3236|114
1339911759|libraonlineshop|55|114
1183809951|iklan2_olshop|150|114
1084165268|the13_shop|111|114
930981262|nisafakhrun|232|113
641132812|ceciliaderin|199|113
1638048480|riyana_store|43|112
820107065|linaqiyuth|576|112
583329543|tyaagatha|25|112
1281229391|foxescloset|209|112
1387259586|csy_shopp|105|112
1008054098|zupirilishop|444|112
272105846|iggagusta|701|112
1559322970|wildanizzstore|48|111
1124029237|shinystore_1|173|111
1123934132|ridabaliratih|488|111
611404504|mutiarabeautyshop|363|111
759907606|toyaself|99|110
1599219954|perfectly_posh_by_chantelle|93|110
371802389|dansdeoshop|113|109
1417616801|yosephindpk|93|109
552818599|kakukha2shop|1185|109
1491010371|gigzpreloved|366|108
1663589317|xoxo_preloved|99|108
801075620|aleefthouse|117|108
1127764589|beautygarage_id|264|107
635864016|karikatur_mbakbro|646|106
877380906|parkamammoth|1208|106
1135777938|zannashop|226|105
1235426413|hardcover_id|107|105
328035340|hanumquinta|198|105
772825197|farahjasmin_shop|152|105
1683045594|marasshoes|34|104
563161847|shiladee|254|104
1535316681|healthynfashionshop|85|104
1412773958|house_ofgasca|57|104
846109531|shopieshopmlg2|105|104
994997055|koperku|252|104
1403061835|grosirtasjogja|117|103
1482107461|geraisakata|380|102
1437977348|pubeliashop|1271|102
1163336417|_bluemoonstr|180|102
1539550576|iin_konzashopyogyakarta|149|101
1364963621|hitomodachi|401|100
1388512739|typoshopping|957|100
1688808701|kayla24stuff|23|99
1235808391|hellokittyexpress|1443|99
1564307183|sabila_shop1|101|98
632400014|ifags_|494|98
301697197|classyious|494|98
1214484545|devitaolshop|124|98
1282880097|fortesoftcase|107|97
541815734|udinidinos|164|96
1561429981|goedankkyu|290|96
1603973494|detokki|1157|96
1287725953|ziazia_shop|177|96
1513978440|imcornerid|274|96
367724076|taniaolshop|511|96
1076972066|promoteolsak_|139|96
221687772|iin_aryanti|194|95
1687397537|greenmommyjogja|102|94
1586890239|gooddealpreloved|4078|94
1465378373|belloshop20|515|93
1312006928|artchicstore|180|93
1314668969|tknstore|92|93
942185711|hellogirlshop|200|93
1604147836|franishop|67|92
1536330332|ratih_wulandari96|241|92
1685083001|babypingko|51|92
1265772949|majirustuff|592|92
1193006215|aleece_gs|65|92
1664000680|rumpumpumshop|285|91
1641035828|cantik_land|288|91
1505994372|magicshoptsm|43|91
1700378548|jogjagarage_|61|90
1633343100|2enshop|52|90
1297563621|floca.dot|413|90
383418576|meliarahmatika|249|90
1328922114|secret_wardrobes|71|89
1091043432|modeevaid|849|89
1519777784|lovelycandylingerie|246|88
1500620902|jecloth|157|87
327973038|karina_ayoe|282|87
1381605498|skinhealthshop|395|87
849452294|altsaniy_shop|215|87
654925966|nilevenstore|991|87
1075092807|adwd_teensstuff|399|87
656195415|rbcollection7|27|87
1539755871|arpa_id|187|86
1514724886|chubbyshop03|127|86
1526796273|promostarkidshop|161|86
1595325949|layshop12|579|85
1452956729|peachstore|248|85
316771489|m2mstuff|88|85
1374968885|amhstore|46|85
1453904688|shilabatik|121|85
652968384|mde_entertainment|261|85
1515439324|prelovedriana|343|84
799010957|celimohouse|85|84
1479801087|fayyolaazzahra|120|83
1398069703|preloved_stuff28|222|83
1581768662|toscalovaa_kainmeteran|161|83
1682953071|jempolgadgetstore|262|82
174547797|bellsringg|263|82
1486845681|yua_paren|98|81
1417308244|luukseshop|98|81
1590195368|deevapreloved|266|81
737994588|setyahh|118|81
1695309162|artami_s|77|81
1682498858|yellowisshop|171|81
1391071004|annisakhairi|168|81
1290550201|helloeen_id|1661|81
1693235524|garagestuff__|1273|80
379920663|senandunggladysshop|290|80
1471691904|rizkypeii|215|80
1293804969|putriii_lavigne|289|80
288437944|389store|604|80
1620412473|prelovedsprinkle|92|79
1293725473|bengkelcantiq|676|79
279837719|greenloose|508|79
1106972705|agemankoe|374|78
1393589001|happyhijabee|86|78
294231964|popsmarket|367|78
1401084300|tbhg_jogja|367|78
629129257|granolia_shop|31|78
1106619306|ilomycs|497|77
1188245653|inez_octaviani|125|77
1285075760|firstyananovianti|113|77
319474561|nefoira|217|77
1596774001|tams.preloved|234|76
1591241959|_summer.shop|130|76
1547349046|goldenflowergoods|70|76
997651769|kenyosgallery|158|76
1086927180|tullauncraft|95|76
681258287|skyshopsky|80|76
1573655513|sugar_littlekeenar|179|75
1126978647|kukukakistore|100|75
1239218688|valdeniss_shop|225|75
736756590|evintageshop|113|74
1495105397|sisterhoodie_hijab|156|73
1576583045|ofthedayroom|196|73
1363639050|omahtotebag|251|73
1312891458|luckytababyshopjogja|81|73
1259065884|tokoinochi|232|73
1697699572|jog2ndsale|59|72
948018474|laff_shop|59|72
493002288|ishopop|274|72
1415405849|amonia_os|129|71
1414768962|catalunalula|129|71
1683750498|putripratiwi654|64|70
583640962|sebamartinez51|133|70
1075418085|finshoes|213|70
1666441458|flavishop|830|69
722721202|claradesita|318|69
1076801480|just_elvins|137|69
32879135|uky14|168|69
229766758|tphanieee|269|69
314560944|pntyshop|1008|69
838499846|olshop.catering.jogja|240|68
1356545023|onta_primitip_os|26|68
632912131|secondberkualitas|1168|68
1261048121|vabene_id|66|68
1601173804|kamarkayu|161|67
1575576763|_shoestorejog|71|67
1493406051|mylandshop|246|67
316843796|bilanaimi|309|67
1470265893|mon_ex_stuff|228|67
1162846090|kappumilk|474|67
1684638542|windsbeauty|1139|66
1574576145|rajutmurah_i2|371|66
406750041|noeraynee|92|66
1268141116|canshop_it|55|66
1558203446|denimbags_id|202|65
1642405677|aldshop.id|55|65
1319311997|walksandrun|153|65
437773397|queenarahijab|604|65
793950154|firstlook_clothes|406|65
1414394703|bitchies_secstore|61|65
1244603706|gigleshop|100|65
956780814|nvshopp|34|65
235364581|tinyotistuff|202|64
185107243|boynovalino|849|64
1621237800|ramonanugraha|73|64
1558898390|perikecilhandmade|164|64
1703937130|lovablenaturecare|117|63
1237248557|valisyahouse|150|63
575877554|orionstore_|256|63
1527880883|qweenaori_id|2345|63
35945500|cheernchic_id|1234|63
1566566790|alle_atelier|532|62
981024489|hollysecondstuff|283|62
1543589575|handpicked93|168|62
1467168044|lemariputri2|320|62
1387528263|noctural_id|33|62
1426145336|lemari_kikoqi|1919|62
1508266083|enshop2014|529|62
1456301022|tokomakeuptante|359|62
1501470756|parisbatikjogja|60|62
790374630|vyneetakids|334|62
1610852378|beautywateryogya|111|61
1687461798|lookatdityara|66|61
236533276|destaputrii|192|61
1567691542|healthynfashionshop_|33|61
383566504|preloved_preloved|469|61
1583556828|reashop_|189|60
1659228801|lerystuff|189|60
1662154268|malva_hijab|268|60
1231580976|zafashopzs|714|60
1044529401|rumahbonekajogja|2305|60
1089200497|deamtea|138|60
1603772929|scrapmaggie|524|59
1350216026|butuhreseller|51|59
1633199713|saturdayindonesia|130|58
1109113140|dyahedwiii|163|58
1036519332|glanz_shopyk|14|58
652630253|safiraa_s|234|57
1703516597|sofyolshopjogja|19|57
1570699178|wearemybelle.shop|49|57
1082076208|snackcrown|243|57
231608246|luthfikhtr|269|57
1605382845|prelovedlovee|77|57
1575645267|_blessedmarie_|42|57
1612524356|belvashop23|65|57
1507170815|rikhadyah|144|57
1491782496|vancult.leatherworks|681|57
1424269530|andiine|245|56
522735758|kiki_florinskincare|3438|56
1317364733|saherayuherbal|1280|56
1298063973|mollyshoppp|90|56
1448406182|catchme_id|213|56
506111703|cutesclothes|339|56
1540505295|ns_cosmetic|199|55
1595149629|dedengkotbaju|119|55
1098951894|javakidshop|142|55
1519674796|rhiepopshop|48|55
1313009583|swifieshop|78|55
1273673714|shoesaddle25|63|55
1111455462|ece45shop|42|55
1673782727|tya.shoppp|84|54
1510678140|venyndakumalasari|51|54
1416647605|mistakeshop01|140|54
1367666640|w.af|154|54
365317546|siszcha|26|54
393366732|erlitamita|448|53
1486917464|adorable2ndstuffss|301|53
1101306360|ps_loveit|21|53
583987174|nytstore|534|53
1368315086|mutiarashp|91|53
1378976604|twentifivehijab|185|53
1402818947|shoesori11|307|53
958586455|derastore|118|53
423566293|tazkiyasyahidah|246|52
1390490981|queensphone|87|52
1521879796|aryanti_shop|154|51
1303172668|eshisha_yk|178|51
721376882|swapandswag|79|51
1449414261|gita2ndshop|418|50
1416535973|officialnickenstein|472|50
1347195190|sophieparis_yk|198|50
14397791|dimasmangund|182|50
1266907590|celimely_shop|85|50
1255961782|allabout_barbie|676|50
650104184|welvaartshop|59|50
1521496715|bqjualanmurah|190|49
1520719702|ardhanyshop_|70|49
1620266428|thaneashop2|37|49
482087767|flanelpeka|141|49
621541185|byours_|159|48
1632774472|indiana_lineshop|127|48
1605510989|zahran_hijabstyle|127|48
1651578836|wdcollection1|80|48
1645118600|sisterhoodprojects|47|48
1650531042|castlebonbons|111|48
1220891869|therano_beautify|46|48
730328350|femmeie|149|48
1697488125|cheesy_os|107|47
1638010743|exito_collection|201|47
1551613073|shipkenzie|132|47
1533355520|safiyahhijab|401|47
324395904|larasqp|151|47
363499641|house_of_riyuwi|235|47
1523648716|iona_fashion|70|46
338278704|ayupurba|213|46
1507255178|la.olyos_sby|239|46
687438373|itsmystuffid|246|46
1606581856|avissacollection|117|46
1425476844|tokotante1|77|46
1463393304|dwiki_shop|49|46
1418264422|akunnyashop|136|46
771127406|aldoniashop|347|46
455769619|themiracle_shop|1|46
450202630|osmaggie|833|45
1387710300|grosir_tas_korea|64|45
1219203553|tatavastara|118|45
1553810226|zananachips_yogyakarta|41|45
827009888|devashopjogja|12|45
1696659816|olinnshop|129|44
1297301949|pusatgrosirbajuanak|199|44
1482948614|latiafashion|298|44
1624815678|_rainbowshop.id|298|44
1531962041|simone.yulianto|129|44
1652147608|cheicoiphonestore|68|44
1581909031|bags.holic|85|44
1271194544|serafinaaryani|608|44
721846581|bonekawisudajogja|115|44
1357919706|summerside_shop|117|44
883446900|shoppavintage|86|44
1482658365|nvtcollection|57|43
1083479774|espoirstore|250|43
1595009905|skchouse|25|43
408229822|iyaratisa|91|43
1501469716|ramasinta747|2|43
344551198|cannonierilic|128|43
544088245|garagegorgeoushop|248|43
792573577|declaarysa|248|43
1696718576|bongkardus|62|42
1517048071|brownandblond|576|42
1495140381|zonazatra|549|42
1636797003|kazima_byzidnialasfary|50|41
1631079896|nn_olshop28|25|41
789984168|trsecond|368|41
1123956294|jillyfashionshop2|108|41
340801456|claravynka|108|41
186935327|audyarisha|221|40
1547275861|byandashop|145|40
1695046972|luxury_id|141|39
1681970751|poshshop_id|192|39
1628297497|zona_cantikmu|226|39
1524700914|gelissad|241|39
314763754|chibikuro69|31|39
411149491|babymiloos|365|39
1243196356|cindocraft|365|39
456485659|aldisappears|159|39
1284103974|yestrustme_|1496|39
1591611268|jonatinkshop|101|38
1701456588|savethecable|101|38
32853386|cooljohnny2|229|38
1521188857|revania_putri|300|38
1605338930|blueskystore_|122|37
420190834|huffashion|191|37
1521979128|dgirlneeds_|100|37
731687553|raissasembiring|62|37
1067911804|prelovedstuffbyme|113|37
1323073513|rumahcleo|113|37
1483458759|pinkyshopaaa|143|36
346274709|brain.idea|438|36
608066474|malloryaccessories|90|36
307868442|avintagecouture|622|36
1120196916|beauty_artemis|622|36
1273203589|nafashop27|32|36
1326242365|indeesashop|7|35
1661092364|promotefor_birthdaystuffjogja|6|35
1676081734|vinoviokidswear|37|35
843734252|untitled_shops|26|35
1507973132|kokonat14|219|35
1203547966|pondokfashionjogja|303|35
355533262|second_classy1|62|34
1489570925|sakurayugi|48|34
1641098348|cacatmatamerch|179|34
1487490836|gienmodeu_|212|34
1497001053|prelovedku_solo|458|34
968667984|daisyshoppie|143|34
1444895070|khatulistiwi_shop|40|34
1152535017|afterused88|113|34
1317572566|eantoinette|172|33
1510071468|secondthrift09|55|33
1385164119|testielsagroup|71|33
1658958721|astarisyasya|95|33
1562038782|ashsshop_|70|33
1472105609|hayati.hijab|22|33
1340260863|grape_ghost|183|33
540875788|rarikashop|37|33
1518712223|fazila_syari|1141|32
1611639279|kars_beauty|110|32
1315616111|miraestore|830|32
1118039338|arshishop|98|32
1206701586|lantaranbaby|98|32
1157563354|bonjourbywina|347|32
38996347|areiszacountrinx|347|32
1126335021|bluemoon_store|37|32
13491606|katatia|73|32
1702302837|malangpinkshop|74|31
283391107|anindyalrsati|74|31
1544745024|rizkyashop_real|103|31
1391445398|canting_shop|230|31
1561817082|beauthingshop|64|31
1111345733|felicitecookies|90|31
1548990489|yeppeun_ols|7|31
1020552337|vintageku_id|31|31
1644714024|umitupperware_jogja|78|30
1242422140|u2.store|12|30
1043690664|preloved.jogja|250|30
1485553272|dwiihas|250|30
1437475108|apuletan|138|30
354500598|branchwood|50|30
208290686|lumistore_id|75|30
231167829|d.o.o.t.d|134|29
1511867674|tias_konveksi|48|29
1325787395|berra_shop|34|29
464911378|fikasoerya20|34|29
337407790|mukenashop|272|29
678238047|malioboro.shop|59|28
1639806397|silver2ndstuff|33|28
1637955018|abbey_stuff|91|28
1439729367|ardi167|50|28
1519930807|iklan_mixonlineshop10|1|28
1520547952|everywhere_acc|23|28
1334681162|andrelas_shop|150|28
1121142571|jamtangandjogdja|19|28
1431337896|jovanov78.ll|36|27
1694877371|nrp_olshop|13|27
428029030|thepoenyashop|13|27
1655119694|dandelion_hijab|89|27
1697781435|lalalollyshop_|12|27
1183524916|goodstuff_yk|137|27
1506014171|sampleshoponline|15|27
332703719|metta_ceper|277|27
811322606|liknityproject|602|27
1505145207|in31olshop|21|27
1288755190|waimarieshop|16|27
1315019659|pandoraboxid|12|27
754784973|ferbenashop|38|26
1338317992|zee_onlineshopjogja|38|26
1556283054|khimarmumtaz|41|26
1401248308|snlittleshop|20|26
1518598482|shopatsixteen|15|26
1460329076|jime_shop|151|26
1457612171|juraganshopjogja|53|26
1264264305|fortuin2ndstuff|170|26
1117902274|grgjgj|40|26
1165872914|gallerysecond27|93|26
1599476928|prelovedjogjacod|43|25
1582026930|grandeur.shop|11|25
1501537594|feehilygnew|45|25
1125809338|gantilemariku|96|25
581959612|vacskitchen|21|25
606954645|arlabutik|41|25
1705205911|haibracelet|21|24
1647219335|razettadotcom|7|24
1635094204|omahgeulis28|1|24
1518722064|tiktakstore|38|24
1596213459|uma.store|72|24
1604458525|happy.salad|24|24
1559989661|a.azzahra|175|24
1503881397|phity_shop|28|24
1075013878|mysecondstuff_project|67|24
1040036416|auraglow_skincare|180|24
1693045349|secondorderstuff|11|23
1373259429|ndushi_olshop|39|23
1509703919|eunsaolshop_brandedmurah|188|23
1559238183|kucikucijewelry|94|23
1578966816|thingpeoplewant|4|23
1426005973|joons_shop|11|23
1245359924|diannesecondshop|41|23
1449338826|ishoptazu|94|22
1539064372|dkids_shop|274|22
1559482277|mocimoca|8|22
788082669|najaha_outfit|22|22
550324265|overgirls_ind|22|22
744911351|waldysmushrooms|116|22
1684989765|jil.shop|25|21
1028484179|nshoppa|48|21
1605744616|ranny_shop|38|21
1549721951|browniestempe|118|21
1543524314|owlgarage|230|21
1498198328|amrjerseyjogja|19|21
1255630368|youlloveit_shop|23|21
983978623|simplystore__|34|21
1680120202|floracollection_|31|20
565214678|whatanyumy|89|20
1648091678|mgcsecond|23|20
1599855040|aprielleshop|17|20
1577880202|harfianos|98|20
1519872983|seribubungahousejogjakarta|30|20
1353627198|breelinshop|327|20
1139103523|secondstufftoko|161|20
1666487303|safaproject|42|19
1540083403|indystumblrtee|133|19
715260201|hers_garagesale|79|19
1593204711|lafleur_shirt|20|19
1462801537|vintline_id|48|19
1603566590|kadoaku14|15|19
1574440414|istanahcantik_id|1224|19
1502354635|lariszo_east_java|20|19
1595152145|dhaha_shop|36|18
1667643293|nuskin.jogja|20|18
1695220413|claireshopline|26|18
1452899761|kayshop_|22|18
1606128871|finaonlineshop|35|18
1515347225|tintintinshop|4|18
1583249324|fortuneonlineshop|10|18
1323199798|nauramerindashop|5|18
1668797423|easthijab|63|17
1651780835|answardrobe|59|17
1599952517|missjogjadurian|35|17
326709783|petri14|198|17
1570774127|perikecilflanel|47|17
1651512674|maniolla_store|13|17
1291007045|svarnalata_|87|17
1524663732|garasionline|16|16
1537367534|vveafrozen|97|16
1648129347|nonachicshop|6|16
1483059274|lutfihasanah|179|16
1464275541|tupperwarenins|3|16
1338637967|kikoqi123|117|16
1328428859|rajut_aca|7|16
1049197864|ch_n27|13|16
1482301462|flickoutfit|1|15
1366025016|marilynsmonkeyshop|33|15
1379166180|luihshop|1|15
1398014848|nafisahshopaholic|0|15
414324420|theheritage_store|4|15
1618268930|batikcandi.yk|35|14
1646690522|tupperware_tata|19|14
1572494226|femmelinn|35|14
1327380758|claranceboutique|264|14
1332097979|beruangstudio|92|14
1370682911|marshijabstore|7|14
1265790041|teten_shop|174|14
1417457579|piiopiohijab|26|13
1649554895|mitra.shop|19|13
1663315280|mygaragesale_indo|15|13
1591546350|jogjapparel|14|13
1436997183|collection_aa|17|13
1034015313|dhian_mustika27|342|13
1373313200|jogjasweatershop|8|13
736935920|secsshop|52|13
1596935827|nanomagicjogja|62|12
1462679950|lastbyme_|30|12
1545487213|colorfulcollection_|9|12
1497177015|ndienshop|10|12
1436947577|namchecorner|54|12
1207152226|melvina_putri|111|12
1190329565|fogarskinjogja|95|12
1103734006|shopashop95|5|12
996859887|flofestival|36|12
1694416147|kebayaaku|0|11
1518423768|khan.zahra|19|11
47095268|ina_ceina|203|11
1091645186|kakacantik_shop|17|11
550427184|kylistore|6|11
1702427390|thriftshopbdg|7|10
1693950126|karllinyoenoes|3|10
1458640506|abellstuff|39|10
859126340|clothingflix|58|10
1694459930|annisachiffonskirt|33|9
1689705400|taperastore|23|9
1676474622|esti_os|22|9
1424953342|ammaliasekar|22|9
1221080656|mini_garage|23|9
5842217|luvlynyit2|19|9
1529261260|bee.moo|7|9
1202690369|flick.outfit|161|9
1341678870|lafamilleshop|9|9
944014805|luccapisa|6|9
656765410|nisz_fashionshop|6|9
421626085|rararizaldi|62|9
345345769|laciolastore|46|9
1407364554|nothink_project|17|8
1666250351|sweet.eight|39|8
1625834431|my2ndstff|57|8
1520976347|hendro_shop|16|8
1499648256|womenmomen|9|8
1521805223|lindza_garage|7|8
1514865869|getmyfavshop|39|8
1412321744|cuteysugar|3|8
1409222363|lemariajaibku|2|8
1224569720|hellobellss|16|8
877934623|rosyanasiregar|10|8
1024583313|jogjagarage|26|8
1697526678|lalagaragesale_|8|7
1456442119|beautythingie|54|7
1570700361|centro_olshop|8|7
1489228241|breezybeeshop|24|7
1570104822|viqolean_secondstuff|19|7
1514369170|viona.sc|2|7
582117205|parcupe_|12|7
1388946576|efdeshop|10|7
1312278679|desakshop|38|6
1691441508|tikatonotemoment|101|6
1660063581|segieshop|11|6
1607615764|aishlynshop|59|6
1582975347|saekishop|3|6
1346169944|liknityhijab|451|6
1513242455|naavashoppa|1|6
1342659459|captivateshop|50|6
1340951117|wen2ndstuff|49|6
1703730698|enzohijab|4|5
1666203265|chabichabi_kitchen|9|5
1668490067|resellerwelcome|1|5
1591164939|juraganliburan|0|5
1535731356|chintriatiranadia|21|5
1349928472|honeymelonshop|4|5
1478629269|jogjav|4|5
1421071293|muhafininda|1|5
1369044184|fushiaetnic_store|2|5
782973984|momoo_secondshop|25|5
1563649859|yulindoutfit|7|4
1548405011|epicsouvenirs|12|4
494381320|kokikayu|1422|4
1457940756|dnp_stuff|4|4
1244792042|devleather|1|4
841938796|marisahijabshop|153|4
529226739|galeryhawa|5|4
1680054582|rvjd_shop|0|3
1626816933|goudschatshop|16|3
1421150599|sorellahouse|16|3
1492568181|priscappucino_float|36|3
1400371407|romeosaroeng|4|3
1363856706|cheapysecondstuff|19|3
1268610537|anisaaini_|64|3
1197363140|girls_thingshop|5|3
860542199|radeimshop|5|3
783592374|aiiamoo_onlineshop|34|3
434378485|yolo_shop_|13|3
365352042|triple4seasons|7|3
1687648290|prlved|0|2
1608714878|rare_storeid|4|2
1503922124|latisky_shop|2|2
455843541|alulashop|3|2
327609679|threeelhijab|220|2
1702465126|diorderyuksis|0|1
1621814478|arra_onlineshop|4|1
1649982147|senshy_shop|1|1
1530109893|dnpstuff|2|1
1434793445|arfatupperwarejogja|6|1
1468502553|somethinggoodshop|1|1
1426154452|hellovestore|1|1
1406507780|taffeta_os|1|1
1378698291|secondstuffyk|70|1
1198024171|tikapurwanti_|19|1
751238567|cherryflowershop|2|1
1698078207|tiasgarage|15|0
1659043625|monday_shop84|23|0
1574126530|hanyonlineshop|22|0
