1350414098|info_dropship|74099|8196
311357621|hosofshopaholic|31045|493
548431856|dconvy.id|25300|218
200445967|promopromolshop|19625|186148
1418227616|media_iklanmu|18235|50111
1294216289|mallonlineshop|16627|7038
323786501|trendshion|15584|519
1350398511|detikads|15277|325
466287585|afnirohijab|14607|391
412639497|carireseller|13670|52373
344848804|aura_glow|13517|1031
277543651|indonesia_olshop|11181|48032
174548171|rdevenuta|10151|3509
1299485780|iklan.promote|9965|73659
1161550348|iklanbarang_92|9290|64096
38996347|areiszacountrinx|9206|634
263736857|gantilemari|8665|317
455933850|promoolshop_id|7956|103783
1313392000|iklan_barang27|7502|67946
244739244|iklangratisindonesia|7002|10929
1471260421|promoteebarang|6439|60316
286792943|vernalvintage|6054|384
360835863|caecilputri|6036|903
875232512|trueolshop|5971|1403
722581458|ratupromote|5850|56355
455857009|nymphaea_boutique|5538|1597
191116684|croptee|5472|920
1019792927|iklanbarang_91|5443|61643
1396769210|promote_advindo|5074|11532
1070474411|cari_reseller|5044|490
691652178|jasapromote_ok5|4983|5024
1327876430|iklan_terpercaya|4891|6599
498101251|promote_yourstuff|4871|19446
1467328201|quinnbee_repost|4661|5231
1462924379|iklan_olshop87|4399|17933
985953317|missbazaarindonesia|4178|326
551644367|chocolastore|4176|1793
1607983726|iklanbaraang_item|4110|6598
1114349172|iklanpromosindo|4069|23447
1347062860|iklan_produk05|4011|48782
1586890239|gooddealpreloved|3965|99
664838565|twinkl_bee|3914|967
1423854461|farahstuff|3835|246
248063735|opparels|3823|620
1616799599|promote_barang_dagangan_3|3760|4110
47986160|lilissudyani|3731|742
1176642584|_jams_furnitures_|3699|1219
674553506|iklanpromote_os|3646|103598
344330084|iklaninolstore|3518|85555
376652554|dolovlashop|3486|450
363762355|craftserbajogja|3475|156
1359311335|pusatkosmetik_id|3465|195
1378989757|theglory_shop|3446|695
515242503|princess_hijabb|3437|949
267009986|blanjablinjionline|3432|8398
1396859963|nshappyshop|3430|813
522735758|kiki_florinskincare|3414|41
632790368|your_sugarland|3392|502
693215898|pinkgaragesaleid|3375|1328
561306159|desiaskitchen|3313|542
501117359|yurienaolshop|3236|2366
362032587|shopatvice|3205|353
435343753|oldiescompany|3205|615
813543286|jakartarepost|3204|18506
233929127|adsstore|3171|280
1120196916|beauty_artemis|3139|300
407504740|promote_indonesian|3123|1988
1523524745|kosmetik_super|3108|116
361924887|thebeautylooks|3095|494
1522731138|jasaiklan25|3053|43648
403122248|beryl_collection|3051|226
1060321366|farlastore|3038|206
550324265|overgirls_ind|3033|341
1285893176|origamifudoshop|2928|529
1564552691|iklanbarang9191|2926|9980
860542199|radeimshop|2909|1526
331288194|jendelarumahsby|2904|2017
317601794|r.s.f.g|2881|3642
976461033|jennie_jegging|2879|682
1154849184|shafia_hijabstore|2856|346
1409458949|aisuishop|2706|640
511784264|skincare_ind|2697|206
1277230456|majestymode|2662|132
482627637|nisrinahijab|2657|5567
1521093732|iklan_di_ig|2643|1807
492391270|esra6000|2642|686
565345943|thaneashop|2613|372
1332154105|iklan25_os|2596|22671
244649414|fergisshop|2543|178
328892189|anggraenishop|2466|327
672920905|aastore_aa|2447|978
367673125|defemme|2430|289
682613425|carolinewongbag|2323|1469
1044529401|rumahbonekajogja|2303|60
1527880883|qweenaori_id|2289|63
1363858566|lokababy2013|2265|237
1011285316|zagaa_shop|2259|1015
380933534|lucretiabuutik|2227|151
428029030|thepoenyashop|2201|2966
1523728230|aikofashion|2198|430
249897834|promosionlineshop_|2150|39864
272074990|stobelii_shop|2140|874
450054952|adeleaccessories|2108|1680
494142816|myminishop_|2104|1128
557798238|shelsyfc|2046|243
1421150599|sorellahouse|2042|895
361046258|dress_up_vee|2022|1115
548372679|amwardrobe|2016|266
1609004022|iklannbarang.item|1991|6276
1331953992|supplier_bodyslim|1988|381
994364963|beautygoods|1971|549
1194682295|indys_house|1927|238
331758962|zee_store|1922|296
1180376686|sillyproject|1917|257
1426145336|lemari_kikoqi|1907|78
557028870|kokaind|1871|915
1232082242|vikiadani|1865|711
932779645|gotchagarage|1854|212
1005330150|deabatique|1842|344
1329754970|jasa_promotemu|1838|26716
197027978|arjunaystore|1836|1770
387726405|milishop|1822|1085
1584384040|natshop17|1811|489
1016770681|babyshopline|1794|118
1503785277|urnewpromote|1772|20106
1503768901|alula.os|1738|220
364128199|luis_hernndz|1717|323
989388725|iklantoko_online|1694|313
1158709544|kulinerdijogja|1677|124
1131055011|room25_|1675|162
1290550201|helloeen_id|1667|66
1114383070|fasscloth|1652|918
50734232|houseofarita|1626|879
482939878|behelqueen|1613|584
51183931|agness_19|1600|337
1639851328|promoteosmurah1|1599|3994
364572114|els_shop|1593|300
1418092007|rokalisa_hijab|1583|468
1266205273|ok_barangsecond|1581|141
356145423|farahermawan|1560|196
1228817084|adorabee_fashion|1525|789
1610771709|iklanbarang_item_|1497|5827
1284103974|yestrustme_|1495|39
1032801565|erfeshop|1485|365
812417065|id_promote|1478|2691
1069249404|moniqbeautyfactorshop|1477|350
1003183592|seutababyshop|1465|776
1235808391|hellokittyexpress|1447|99
1604871047|gallerykosmetik74|1435|215
494381320|kokikayu|1435|22
1217862621|beoly_makeup|1431|687
248076669|grosirbajuku|1400|173
1582321550|jesse_fashion|1394|426
751912894|pariworoinsta|1394|12548
360665500|vavshop|1388|415
1015004647|secondbestprice|1378|116
1225713747|clushy_store|1365|604
1035824907|circlekylie|1363|345
1317364733|saherayuherbal|1355|56
347234516|aypreloved|1352|418
505471409|houseofnaraya|1343|5688
1113391003|ippo2shop|1335|197
1583612976|nabilashop_jogja|1317|98
1114828386|aisyos|1315|3492
1642065069|iklann_12|1300|5011
536817605|titaritadewa|1298|272
1463858434|coolnikekickz|1295|254
948018474|laff_shop|1283|294
460853776|beautyandbeads_id|1279|234
1610554150|new_iklanpromoteolshopp|1278|3892
842648183|anindya_shop|1276|1195
652865894|ghifaristuff|1276|210
1640953091|iklannn_12|1264|5032
860545173|nilakantie.hijabwear|1258|103
964440068|widyaningbatik|1258|153
1650708073|iklaan_12|1250|4222
35945500|cheernchic_id|1236|64
1650495336|promoteosmurah2|1222|3046
1574440414|istanahcantik_id|1213|19
540742375|deliciabakery|1212|179
316540047|bongkar_lemari_gg|1199|212
326210458|dailywardrobe|1198|433
1273884148|anindyasari_shop|1197|291
651057855|shoppforgirls|1196|320
210718156|pandalova1899|1193|204
552818599|kakukha2shop|1188|109
1330525158|repost_laquinnbee|1183|1474
1367760253|wdn_store|1180|253
665205456|davinci_shop67|1162|1733
52845160|citavanessa|1162|329
632912131|secondberkualitas|1149|66
634150037|lindakusumant|1142|237
1513980837|jsport_jogja|1141|155
615471986|alodie_shop|1132|315
1603973494|detokki|1129|95
1437977348|pubeliashop|1122|75
1507100426|nonamuda.fashionstory|1118|574
1200818866|arinkashop|1116|209
877380906|parkamammoth|1102|94
417052413|amifashion|1099|537
1598476353|demenbelanja|1095|144
1439021882|promoteeyourrshop|1089|1740
976373555|suttrash01|1082|297
1552720079|alfisashop|1078|1762
1457937732|er.ers|1061|284
656765410|nisz_fashionshop|1059|149
919556539|pusatbajuanak|1052|142
811809037|naurahijabstore_id|1051|155
811384087|peachpione|1025|195
1084016981|leonyscollection|1023|174
1357425526|asri_store|1016|874
1410502742|shockinglabell|1012|1118
324204811|meizhelpeachshop|1008|401
371890663|pastelicyas_shop|1005|169
1164767950|crocus_blpyk|997|205
1561460053|cowlhijup|997|224
1378535448|liliyashop|996|424
1536538705|gloriacollection|994|954
654925966|nilevenstore|994|87
245543473|lovishop_dan_halobalita|978|393
1250135659|flowerys_store|975|538
1573686634|kedaimisterjack|972|187
1086244511|gmjamstore|971|439
1386150266|sportyjuice|964|198
1381622221|tupperware_jogja|961|286
1319385377|jar_jogja|958|257
1388512739|typoshopping|956|100
678638475|ovio_outfitcollection|949|1098
672171546|storemjtoys|948|1672
211666335|shsca|944|326
301697197|classyious|931|149
33648180|auliahs|920|855
712569462|sagi_shop|916|323
1518712223|fazila_syari|911|18
1121256571|boutique_kiss|898|357
976704740|drshop_jogja|883|679
1001021242|emysstore|876|699
1172304500|aqweenshop|876|404
596561093|oleholehindonesia|869|397
965515658|beauty.garage|869|227
1334099015|auraglow_store|865|143
1424826779|scarfhouseid|859|1153
249944699|ullyarifat|857|569
450202630|osmaggie|854|95
354257645|niyas_pw|852|336
619882963|usfahbabyjogja|851|172
1091043432|modeevaid|851|89
465255906|empatbelas_id|846|677
912551011|bellabelanja|845|194
1019014187|nathhshopp|839|150
1479082474|windaaprawesty|839|522
235585765|afniarosa|836|353
1450200349|anny_collection|835|178
1315616111|miraestore|831|32
185107243|boynovalino|827|54
1060489161|cuzsecondstuff|821|144
381275307|pitufa._|818|1316
1192785636|popsus|807|1165
483172899|devita_prantika|803|150
1543826286|lunnatique|799|351
1420191449|zhafirahijabshop|794|282
189544119|cipukoya|794|372
210123559|stephanietanubrata|788|146
1457991897|dillaziashop|785|124
1666441458|flavishop|784|60
1349438049|chaianisaa|783|158
531041022|maha_kebaya|783|300
1266977419|instapro_shop|780|2000
1536427261|second_thingy|776|157
1314783333|ghassanicalla|773|190
211682565|hervitasari|773|329
1409614024|rodiofthalmos|757|108
1509756791|ameliayushop|755|321
212937277|pamungkas_denay|742|664
351334325|ellynclay|738|381
1015735342|oshienezt|734|309
1231580976|zafashopzs|731|60
1380682925|indahricha|714|247
670291822|finetage_|714|373
693805031|littletreasureshop|704|180
30652004|zahraavriani|703|597
900956155|kumikashop|700|204
1231889522|provablenature|699|113
1285218356|jamtangan_yk|694|465
1184172389|secondgresss|688|121
1409686424|oviriandaa|682|296
1255961782|allabout_barbie|672|50
648572677|muu_indonesia|666|422
272105846|iggagusta|665|104
1471459439|murah_kosmetik|660|9119
1509600595|bebegifts.cs1|656|3111
1693235524|garagestuff__|654|83
1176028486|heyynuna|654|307
1320107939|midorishop2014|648|3454
200481630|tievannz|647|367
1491782496|vancult.leatherworks|645|60
1237303533|nonajadul|643|148
1122994376|zarwacollections|640|227
429317996|diska_shopper|637|220
1480097555|abhinayababyshop|636|178
1507023516|stunninshop|632|242
1537204728|iklan_super|630|8820
144475415|ranindyasn|626|265
506740062|yosidita|625|172
307868442|avintagecouture|623|36
457163101|eightup_|622|107
377874767|rbj.store|621|182
635864016|karikatur_mbakbro|618|81
573511432|putrishop93|616|221
333635463|wihardandi|612|811
624683899|funnysproject|611|134
811322606|liknityproject|610|27
1394988867|paidpromoteindonesia|609|7497
507938426|vinnychungos|609|273
273464784|nengboutique|606|201
709079167|rieriegrosirtas|605|179
54318150|tommyfunz99|604|438
288437944|389store|604|80
1271194544|serafinaaryani|602|41
1253886664|sampleparadise|600|173
215816026|nextbagshop|600|2000
437773397|queenarahijab|599|65
536061285|anitacitraa|598|272
1120653063|prettydawnstore|588|990
1265772949|majirustuff|587|87
1473802251|demona_co|582|504
1006982029|juanirossi1|582|168
1293725473|bengkelcantiq|581|67
206618176|zarracarenta|569|567
820107065|linaqiyuth|558|111
1450369340|beliovomalt|557|119
1374792968|nayskitchen_|556|193
481360017|victaetriany|551|360
1509584052|bebegiftscs3|550|2469
583987174|nytstore|546|53
1655171250|iklaann_12|537|2954
189195646|raniiranz|535|439
1495140381|zonazatra|532|43
1508266083|enshop2014|529|62
202348751|nimpunashopa|526|401
1595325949|layshop12|522|52
337508039|girlsneedfashions|517|124
1568268891|maulistore|514|213
1603772929|scrapmaggie|514|62
1068335062|gulacake|514|236
216126714|tanayans|514|354
32285853|diazputria|512|366
1465378373|belloshop20|511|92
367724076|taniaolshop|511|96
425705905|kios_an58|506|169
279837719|greenloose|506|79
1123672280|miss_splendide|503|336
469237642|akibaryou|502|468
26667936|nblsh|498|624
1593035715|indiecology_butik|498|202
632400014|ifags_|494|97
633941855|house_of_deen|493|213
1399918858|ayookbeli_store|487|717
1336285230|hippioshop|487|2018
1270400881|fanshyshop|487|314
1234761613|funhijab|484|181
1106619306|ilomycs|483|77
1123934132|ridabaliratih|482|103
477563952|millicentfashion|480|135
1550281462|sprinklesale|478|463
1162846090|kappumilk|477|67
923106551|yaseshop|477|488
827705879|fadlikashop|475|250
1416535973|officialnickenstein|474|38
735093944|clickitshop|472|195
246653165|chandramelynovi|472|428
1445883555|produsenorganizer|472|996
383566504|preloved_preloved|472|61
1202034689|seribubungahouse|471|138
1297647075|lundagroup|471|195
1298434029|beautycarela|470|684
1522200291|inggridyuni|469|412
1172856629|shironohimitsujogja|469|433
1517048071|brownandblond|468|47
50197996|tayanganpromote|465|2940
1476918727|labellemarrieboutique|463|2260
564821972|rizqiiarinii|461|389
445117172|jointoshop|461|193
1284604151|zhangluciana|458|84
1591545417|house_of_female|457|209
1346169944|liknityhijab|455|6
558946728|juwitaika|455|143
888725646|diamondjogja|452|189
1008054098|zupirilishop|452|111
1097704120|jualanku.id|451|714
1469886884|fashioneffectshop|451|148
288445016|visantishop|448|493
1509198040|jerseyfans|447|209
1510982337|jasapromosi123|438|9580
346274709|brain.idea|438|36
1084640144|agaetissbyrjun|438|150
1026492102|mocamocashop|437|933
414973351|auliadevi_nanospray|434|199
514125688|iklan_snr|432|8710
1268922127|mixonlineshop10|429|210
1497001053|prelovedku_solo|429|35
547033020|kacamatacheaa|427|345
26135245|erlithmaaa|424|1159
834054054|girlieshopbags|423|196
298408139|saffiestore|422|120
1132143105|herlittleattic|420|152
1204836959|myfabulouscollection|419|230
497465777|titaarsika|417|118
393366732|erlitamita|416|48
1377582636|oktadewy_|415|277
205299595|sioyak|415|546
1337674106|intanistyhijab|410|162
1684638542|windsbeauty|409|43
1512914236|ichaphotoart|409|107
343780685|reraboutique|405|242
1449414261|gita2ndshop|404|53
793950154|firstlook_clothes|403|65
677740844|veashoelicious|402|257
284031082|nvshopjogja|401|1931
1381605498|skinhealthshop|400|87
1364963621|hitomodachi|398|100
1315145955|glucogen_network|395|156
1246999211|bakoeljamoe|391|193
1075092807|adwd_teensstuff|391|40
314560944|pntyshop|388|109
1528445896|lalovacollection|385|737
1338317992|zee_onlineshopjogja|384|291
1612725529|iklan_ig_terpercaya4|380|4560
1297563621|floca.dot|377|82
765604134|yukkireishop|377|291
599703044|bymyranda|376|155
1524693910|m2n_hijabdankadojogja|374|749
294231964|popsmarket|373|78
386837867|eealiciouz|371|235
1245285503|paidpromote_endorse99|370|247
1106972705|agemankoe|368|87
1108371955|michigogirlstuff|367|541
1349550528|paidpromote77|366|2968
280281371|abellintang|365|295
1480968750|syarafina42|365|585
1232848633|yulindshop|364|539
411149491|babymiloos|364|42
1397840804|vnotime|364|369
1501717183|sinta_firda_andriana|363|150
1323277884|cho_tikyul|362|125
30269961|sasyamutz|362|313
275113270|angel_olshopjogja|361|1152
375499985|elishavitari|361|341
1369471817|hijabnbeautyexpo|359|243
789984168|trsecond|355|40
1446799157|odiloshop|350|270
1157563354|bonjourbywina|348|32
771127406|aldoniashop|348|46
529520948|nadiafrani|347|308
1482107461|geraisakata|345|90
611404504|mutiarabeautyshop|345|109
506111703|cutesclothes|344|56
424976965|plummy_store|343|125
1394813888|fitriazzahra23|340|419
1036100635|adhienshp|340|343
1574576145|rajutmurah_i2|339|51
1082523204|farappleshop_|339|262
759856459|feliciteeshop|339|318
1533355520|safiyahhijab|337|59
1455836664|intan_kristiani|336|231
1544049548|lovelylooshop|332|177
340801456|claravynka|332|352
1034015313|dhian_mustika27|331|42
673207124|zhaazahra|330|464
419317890|girizde|329|114
283391107|anindyalrsati|327|506
1448055087|lemariaqilah|327|140
1353627198|breelinshop|326|20
530463662|putikshop|324|547
503177877|nonnawida|323|123
222869986|joselitoweed|323|438
1644141093|auliacollection_|322|296
1467168044|lemariputri2|322|62
560281626|dayornightboutique|322|270
1401945204|fafiishop|321|412
1515439324|prelovedriana|320|89
1491010371|gigzpreloved|319|93
790374630|vyneetakids|319|62
1566566790|alle_atelier|318|48
646863065|siaasihshop|318|435
1402818947|shoesori11|316|53
598398529|gendhis_ib|315|136
1510767540|sekartities|314|281
1068320615|luthfiana_mk|313|198
47443370|indahilson|312|659
940012398|violettashop|309|221
1304435530|rosalyaika|309|184
1423944516|anyelirsbagstore|309|482
979958818|semuamurahh|308|348
1555902900|dconvysale|306|152
1365082300|filmasroom|306|318
1298162923|jamtanganmurahyk|306|247
1203547966|pondokfashionjogja|303|35
665954725|shawlmeshawl|302|345
1546775895|promote.murah|301|1906
1521188857|revania_putri|301|38
316843796|bilanaimi|301|68
511214314|shopsadila|301|339
201430203|divalukita|301|1699
722721202|claradesita|299|66
992371398|kania_kyx|298|239
179727681|juniorslp|298|438
231288925|ichitashop|297|210
1415629401|nilamenil|297|249
1201460316|bananashopa|295|276
1489113267|orangelovershop|294|288
507569013|intankapra|293|134
1590063388|heavenstuffshop|292|188
1488846582|proucess|290|1350
327428863|dewi_karunia|290|122
616202840|serendifiction|290|128
1647956526|chocovel_|289|169
1486917464|adorable2ndstuffss|288|52
379920663|senandunggladysshop|286|80
43506219|mamacookies_jogja|285|168
463185633|lasyashop|285|124
226911488|hanidarhmwt|285|166
1327709784|reww_secondstuff|284|158
1482948614|latiafashion|282|46
327973038|karina_ayoe|281|87
1293804969|putriii_lavigne|281|80
1561429981|goedankkyu|279|61
965965449|nalinihouse|277|517
981024489|hollysecondstuff|276|60
493002288|ishopop|276|72
273193782|genovevaolga|276|112
1513978440|imcornerid|275|96
1457420698|surabaya_id|275|329
1575463803|jadeandmaddy|274|179
1539064372|dkids_shop|274|22
1067512297|inahijab_craft|273|235
1334209368|dnd_store|273|263
332703719|metta_ceper|272|26
229766758|tphanieee|272|69
1692727587|hes_shop17|271|288
29114090|pusparinaa|271|433
1059959579|carolina_etha|270|302
1498930368|dwistshop|270|612
210469767|d8davide|269|167
817751164|imhijabstore|269|157
337407790|mukenashop|268|29
1127764589|beautygarage_id|266|107
231608246|luthfikhtr|265|53
1327380758|claranceboutique|265|14
1401084300|tbhg_jogja|265|83
1542990094|vanillashop_yk|262|234
1417043400|rinicita_rcshop|261|142
1083479774|espoirstore|260|42
174547797|bellsringg|260|81
1548871273|aufstore|258|173
1363639050|omahtotebag|258|73
193958947|hanasafitri|258|281
1613997685|iklanbarang_promote92|257|3196
1311489986|flaviavina|256|207
726537847|devinashinta|256|176
1573142001|cantikalaminanospray|255|115
184015162|fatikasushardi|255|244
652968384|mde_entertainment|255|85
319791847|allribbonthings|254|195
994997055|koperku|254|104
765530980|ratihrahardiani_fashion|253|214
923071975|lastbitestore|251|151
1043690664|preloved.jogja|251|30
207228197|ta91mii|251|475
383418576|meliarahmatika|251|95
1476908012|arumlaksitasari|249|535
1202169610|elsprojectstore|249|271
687438373|itsmystuffid|248|46
563161847|shiladee|248|104
544088245|garagegorgeoushop|248|43
1636412881|balialus_jogja|245|139
1590195368|deevapreloved|245|66
1329398814|qilashopasijogja|245|129
39713627|infauzie_tokofaza|244|238
181235442|rimbuul|244|233
278490278|alinarasya|243|134
1524700914|gelissad|242|39
423566293|tazkiyasyahidah|242|50
370170328|chfeniandra|242|228
1082076208|snackcrown|240|56
1391445398|canting_shop|240|31
1628659550|promosi_termurah|237|1676
1543524314|owlgarage|237|20
1431624051|iudasshop|237|537
242659407|sdyahamir|233|475
838499846|olshop.catering.jogja|232|60
1493406051|mylandshop|232|66
496193911|house_of_hm|231|155
448895602|ariskanurama|230|740
930981262|nisafakhrun|230|111
363499641|house_of_riyuwi|228|40
1504172738|beautywaterfresh|226|121
1470265893|mon_ex_stuff|226|67
211130540|fafarufa|226|170
359482352|nindstore|224|432
1456301022|tokomakeuptante|223|58
1259065884|tokoinochi|223|73
1424269530|andiine|221|50
1628297497|zona_cantikmu|221|37
219839020|minesgarage|221|104
1507973132|kokonat14|221|35
1467131240|kristina.natalia1990|220|141
32853386|cooljohnny2|219|26
1135777938|zannashop|218|105
327609679|threeelhijab|218|174
1398069703|preloved_stuff28|217|86
325037701|leadongyu1209|215|522
186935327|audyarisha|215|43
319474561|nefoira|215|77
1215564623|wiji_astari|214|135
1487490836|gienmodeu_|214|34
980589069|jasaiklan_18|213|3081
849452294|altsaniy_shop|212|87
1249482374|isminurl|210|128
50215157|chippershop_yk|210|470
1452956729|peachstore|210|75
1239218688|valdeniss_shop|210|75
584122740|behavior.shop|209|300
1641035828|cantik_land|209|85
1448406182|catchme_id|209|56
1403709343|soflensjogja|209|140
305790106|mezzalubiashop|209|250
338049985|zakiaboutique|209|165
1596774001|tams.preloved|208|77
1533519267|amelcalm|207|237
1281229391|foxescloset|207|112
1605510989|zahran_hijabstyle|206|54
338278704|ayupurba|206|45
1540505295|ns_cosmetic|205|22
1536330332|ratih_wulandari96|205|61
1471691904|rizkypeii|205|79
1507255178|la.olyos_sby|203|42
1610190368|jasaiklan._25|203|5530
47095268|ina_ceina|203|11
326709783|petri14|202|17
621089077|yunibentsbaju|202|214
1512043164|aasmorowati|201|115
1347195190|sophieparis_yk|200|50
1107694341|abhinaya_babyshop|200|129
752157793|realmarialea|199|161
942185711|hellogirlshop|199|93
1075418085|finshoes|199|70
328035340|hanumquinta|195|115
1558203446|denimbags_id|193|63
1635930945|promotetermurahos19|192|2700
31704077|rozdianda|192|238
356948516|jannetroulin|192|274
1633524594|promotetermurahos10|191|3200
420190834|huffashion|191|37
1378976604|twentifivehijab|191|53
1633622003|promotetermurahos13|190|2900
32085730|qanita_cita|189|123
641132812|ceciliaderin|189|108
1577887157|iklanindyshouse|188|2106
1633603857|promotetermurahos11|188|2950
1634468767|promotetermurahos14|187|2850
221687772|iin_aryanti|187|95
1521496715|bqjualanmurah|186|46
1243196356|cindocraft|185|19
1340260863|grape_ghost|185|33
235364581|tinyotistuff|183|59
1312006928|artchicstore|183|93
1536445510|keioforkids|181|164
1233177990|fenfenshopp|181|132
14397791|dimasmangund|181|50
208372992|afraameza|181|232
1576583045|ofthedayroom|180|70
236533276|destaputrii|179|58
1509703919|eunsaolshop_brandedmurah|178|18
1635932355|promotetermurahos20|178|2450
815759007|cattys_shop|178|131
1303172668|eshisha_yk|178|51
186800622|sayay|178|454
1559989661|a.azzahra|176|24
1551858563|noyuallstar|175|306
939483881|warnawarniishop|175|658
1287725953|ziazia_shop|175|96
497885010|lapakonline|174|530
862720393|megaderivatif|173|397
1163336417|_bluemoonstr|173|102
1040036416|auraglow_skincare|173|24
359542605|zorayulia|172|185
55546097|heiidinii|172|285
1124029237|shinystore_1|172|111
1265790041|teten_shop|172|14
1543589575|handpicked93|171|62
1264264305|fortuin2ndstuff|170|26
1583556828|reashop_|169|51
1573655513|sugar_littlekeenar|169|63
1483059274|lutfihasanah|169|16
1104228683|sekarcaca|168|202
635614483|phikaa_stuff|166|71
1486495054|dina_shopping22|165|661
1500620902|jecloth|164|74
621541185|byours_|163|48
1151474217|harlandashop|163|191
32879135|uky14|163|69
1634475373|promotetermurahos16|162|2670
1109113140|dyahedwiii|162|58
432843590|erelweshop|162|118
1139103523|secondstufftoko|161|20
1611910314|iklanbarang.91|160|2942
1664000680|rumpumpumshop|160|39
1297301949|pusatgrosirbajuanak|159|17
1597975986|d_angelolshop|159|231
1526796273|promostarkidshop|159|84
1405261275|shinebagshop|158|1004
1558898390|perikecilhandmade|158|59
1472541767|sectionshore|158|280
456485659|aldisappears|158|39
1621644736|_coconutree_|157|129
1581768662|toscalovaa_kainmeteran|157|83
1519777784|lovelycandylingerie|156|116
1539755871|arpa_id|156|75
14884295|virnaar|156|530
1319311997|walksandrun|155|64
1547275861|byandashop|155|40
1495105397|sisterhoodie_hijab|154|73
1317572566|eantoinette|154|30
1391071004|annisakhairi|154|80
575877554|orionstore_|153|31
1340251206|argsr|153|333
997651769|kenyosgallery|153|75
1614008327|iklanbarang_promote|153|2457
1367666640|w.af|153|54
1202690369|flick.outfit|153|9
1453940015|dodolan_shop|152|162
1417308244|luukseshop|151|241
229406139|nuruliciousstore|151|139
1641098348|cacatmatamerch|150|27
1183809951|iklan2_olshop|150|114
730328350|femmeie|149|48
1460329076|jime_shop|148|26
15153421|faricha407|148|121
1143083039|revirahouse|147|300
772825197|farahjasmin_shop|147|105
1682498858|yellowisshop|146|81
1683268672|iklan_galediro16|145|1446
1206486602|tamita_shop|145|140
1334681162|andrelas_shop|145|28
1628795133|yuniaolshop|144|321
1430616578|okeshopmalang|144|231
841938796|marisahijabshop|144|4
1628908170|octshopshop|143|255
1360617622|hawanishop|143|401
1117534131|leather_shoes|141|125
968667984|daisyshoppie|141|34
1345083114|la_plaque|141|172
1239264365|casishop|141|224
1526073215|bso_surf|140|342
1507170815|rikhadyah|140|56
1490750024|cemoeyshop|140|124
1076972066|promoteolsak_|140|96
1426175515|indahfirstline|139|169
1682953071|jempolgadgetstore|139|57
324395904|larasqp|139|46
1483458759|pinkyshopaaa|139|36
1416647605|mistakeshop01|138|54
1437475108|apuletan|138|30
482087767|flanelpeka|138|49
1611876001|gudangjam_forreseller|137|302
1183524916|goodstuff_yk|137|27
236421060|dyah_dee2000|137|567
774191860|nurfitriani14695|137|436
1135250011|ristlicious|136|123
1076801480|just_elvins|136|68
231167829|d.o.o.t.d|136|29
1539550576|iin_konzashopyogyakarta|135|89
645940861|gegez_online_shop|135|517
517387331|vintage_pearl222|135|148
541815734|udinidinos|134|85
1521879796|aryanti_shop|134|50
1321178755|ahashoes17|134|184
1418264422|akunnyashop|134|46
51133078|aurora_olshop|134|202
1098951894|javakidshop|132|54
1089200497|deamtea|131|59
1633199713|saturdayindonesia|130|58
1415405849|amonia_os|130|71
1206701586|lantaranbaby|130|100
1540083403|indystumblrtee|128|19
1632774472|indiana_lineshop|128|46
1120031520|risk_yk|127|213
1551613073|shipkenzie|127|47
1145529119|overextore|127|132
652630253|safiraa_s|126|68
344551198|cannonierilic|126|43
1188245653|inez_octaviani|126|77
1610275508|iklan_barang_27|125|2030
1233704563|79s_jullie|125|117
1555056560|ndalem_arjs|124|209
1591241959|_summer.shop|124|69
1214484545|devitaolshop|124|98
1601173804|kamarkayu|123|59
1695046972|luxury_id|123|39
1514724886|chubbyshop03|122|86
1474811726|repostgratis|121|587
958586455|derastore|121|53
1635929998|promotetermurahos18|120|2300
1395150955|azhariashop|120|423
1338637967|kikoqi123|120|16
583640962|sebamartinez51|119|65
1549721951|browniestempe|119|21
464911378|fikasoerya20|118|104
744911351|waldysmushrooms|118|22
1605338930|blueskystore_|117|36
1531962041|simone.yulianto|116|42
801075620|aleefthouse|116|108
1219203553|tatavastara|115|41
1084165268|the13_shop|115|114
1595149629|dedengkotbaju|114|53
1635934254|promotetermurahos22|114|1950
1152535017|afterused88|114|34
1479801087|fayyolaazzahra|113|83
1606581856|avissacollection|113|46
1499624700|fleurzhop|113|138
371802389|dansdeoshop|113|109
1681970751|poshshop_id|112|25
1578704334|123_promote|112|157
721846581|bonekawisudajogja|110|44
1357919706|summerside_shop|110|44
1285075760|firstyananovianti|110|72
1207152226|melvina_putri|110|12
737994588|setyahh|109|80
54366947|ranggadoyanayam|109|112
1067911804|prelovedstuffbyme|109|34
202253481|onkybonaventura|108|344
629687456|jasa_promotemu3|107|1194
1612199708|iklan_25_os|107|1844
1235426413|hardcover_id|106|97
1387259586|csy_shopp|106|112
846109531|shopieshopmlg2|106|91
1182756506|selfcasualshop|106|147
1659228801|lerystuff|104|17
1611639279|kars_beauty|104|32
1282880097|fortesoftcase|104|97
1564307183|sabila_shop1|103|93
1650531042|castlebonbons|103|48
1558105535|iklan_galediro16b|102|393
1123956294|jillyfashionshop2|102|41
1521979128|dgirlneeds_|101|36
1126978647|kukukakistore|101|75
1244603706|gigleshop|100|65
1421340759|abt.at|98|160
1118039338|arshishop|98|32
1670506406|darucollection|97|285
1577880202|harfianos|97|20
1472520143|dress2u19|97|334
1544745024|rizkyashop_real|96|30
1190329565|fogarskinjogja|96|12
1086927180|tullauncraft|96|76
1485553272|dwiihas|95|103
1125809338|gantilemariku|95|25
1559238183|kucikucijewelry|94|23
1449338826|ishoptazu|93|22
1663589317|xoxo_preloved|93|108
1384550568|keynashopline|93|353
1537367534|vveafrozen|92|16
1424953342|ammaliasekar|92|49
1332097979|beruangstudio|92|14
1314668969|tknstore|92|93
565214678|whatanyumy|91|20
1535316681|healthynfashionshop|91|104
608066474|malloryaccessories|91|36
1165872914|gallerysecond27|91|25
1456149141|gastlyshop|90|109
1691441508|tikatonotemoment|90|6
1637955018|abbey_stuff|90|28
1111345733|felicitecookies|90|31
1403061835|grosirtasjogja|89|94
759907606|toyaself|89|107
1581909031|bags.holic|89|44
1658958721|astarisyasya|89|32
1298063973|mollyshoppp|89|56
1266907590|celimely_shop|89|50
1486845681|yua_paren|88|77
1638010743|exito_collection|88|38
1390490981|queensphone|88|52
1679942176|promoteelsagroup|87|386
1393589001|happyhijabee|87|78
1286469150|gustashopholic|87|174
883446900|shoppavintage|87|44
1620412473|prelovedsprinkle|86|79
1368315086|mutiarashp|86|53
408229822|iyaratisa|86|40
1291007045|svarnalata_|86|17
799010957|celimohouse|86|84
1527687893|evelyn_evfashion|85|137
1649487707|thegoodpromote|85|365
1237248557|valisyahouse|84|29
952976688|ummiajwad|84|101
1681841216|afshopfashion|82|116
1684916065|iklan_galediro16a|82|711
1453904688|shilabatik|82|56
1602585796|solusi_rambut_botak|81|233
1275047726|4gav_adv|81|311
681258287|skyshopsky|81|76
736756590|evintageshop|80|71
1651578836|wdcollection1|80|45
1481918620|putihmelatistore|80|218
406750041|noeraynee|80|60
1595192004|butikitajogja|79|470
1313009583|swifieshop|79|55
721376882|swapandswag|79|51
1452478964|martha_bells|78|127
1312891458|luckytababyshopjogja|78|73
1591611268|jonatinkshop|77|35
1024691056|deerhoney15|77|494
1605382845|prelovedlovee|76|57
1644714024|umitupperware_jogja|76|27
1425476844|tokotante1|76|46
1378806494|jambi.muhidin|76|319
1624815678|_rainbowshop.id|75|39
1655119694|dandelion_hijab|75|27
208290686|lumistore_id|75|30
1673782727|tya.shoppp|73|54
1599219954|perfectly_posh_by_chantelle|73|83
1560061207|batiksarika|73|132
1417616801|yosephindpk|73|71
1406401870|4_prettiest_girls|73|126
13491606|katatia|73|31
1620322777|iklankoran|72|910
1328922114|secret_wardrobes|72|89
400128061|imamarifinn|70|127
1575576763|_shoestorejog|70|67
1610852378|beautywateryogya|69|45
1354255580|teruterubozu_shop|69|147
1612524356|belvashop23|69|57
1378698291|secondstuffyk|69|1
1652147608|cheicoiphonestore|68|44
1628054559|princess_seifi|67|564
1261048121|vabene_id|67|68
562948851|mergallery|67|126
1075013878|mysecondstuff_project|67|24
1662154268|malva_hijab|66|37
1596213459|uma.store|66|24
1561817082|beauthingshop|66|31
1683750498|putripratiwi654|65|45
1193006215|aleece_gs|65|92
1268610537|anisaaini_|65|3
1581957088|sri.ardiati|64|240
1523648716|iona_fashion|63|46
1387710300|grosir_tas_korea|63|42
1696659816|olinnshop|62|33
860276165|ava_shoppa|62|139
1273673714|shoesaddle25|62|55
421626085|rararizaldi|62|9
1621237800|ramonanugraha|61|70
316771489|m2mstuff|61|55
731687553|raissasembiring|61|34
1501470756|parisbatikjogja|60|62
1414394703|bitchies_secstore|60|65
1695309162|artami_s|59|47
1520719702|ardhanyshop_|59|28
1385164119|testielsagroup|59|33
650104184|welvaartshop|59|50
1412773958|house_ofgasca|58|104
1398522830|sophieshoppa|58|172
1450217499|hertsteps|57|120
859126340|clothingflix|57|10
1662230842|diafastore|56|120
1633343100|2enshop|56|90
1436947577|namchecorner|56|12
1691790260|griyashop_|55|131
1510071468|secondthrift09|55|33
1562038782|ashsshop_|55|27
1268141116|canshop_it|55|66
1703937130|lovablenaturecare|54|20
1433513255|deristoshop|54|225
1607615764|aishlynshop|54|6
1457612171|juraganshopjogja|54|26
930757964|ochigirlstuff|54|240
715260201|hers_garagesale|53|15
1339911759|libraonlineshop|53|114
1604147836|franishop|52|72
1596935827|nanomagicjogja|52|12
1623969256|promote.jualanku|52|415
1281507979|yusufarloji|52|341
1350216026|butuhreseller|51|59
1489570925|sakurayugi|51|34
1493424418|nomeshawl|51|107
1482658365|nvtcollection|51|43
1510678140|venyndakumalasari|51|54
1462285645|meibyshop_promote|51|563
736935920|secsshop|51|13
1697488125|cheesy_os|50|25
1547349046|goldenflowergoods|50|60
1651780835|answardrobe|50|14
1456442119|beautythingie|50|7
1342659459|captivateshop|50|6
354500598|branchwood|50|30
1462801537|vintline_id|49|19
1463393304|dwiki_shop|49|46
1340951117|wen2ndstuff|49|6
1687461798|lookatdityara|48|34
1618299261|barang25_os|48|895
1028484179|nshoppa|48|21
1538169751|galleryshop27|48|214
1697789013|yukpromosiyuk|47|552
1374968885|amhstore|47|85
1519674796|rhiepopshop|47|55
355533262|second_classy1|46|22
345345769|laciolastore|46|9
1697699572|jog2ndsale|45|72
1511867674|tias_konveksi|45|24
1696346608|academicfashionshop|44|52
1645118600|sisterhoodprojects|44|48
1642405677|aldshop.id|44|56
1625834431|my2ndstff|44|8
1439729367|ardi167|44|28
1501537594|feehilygnew|44|24
1570774127|perikecilflanel|43|16
1610298844|jasa_.iklan25|42|1066
1599476928|prelovedjogjacod|42|25
1553810226|zananachips_yogyakarta|42|47
1505994372|magicshoptsm|42|91
1111455462|ece45shop|42|55
1666487303|safaproject|41|19
1575645267|_blessedmarie_|41|57
1556283054|khimarmumtaz|41|26
1491713915|zeroshop_fashion|41|143
1458640506|abellstuff|41|10
1245359924|diannesecondshop|41|23
1559322970|wildanizzstore|40|92
1117902274|grgjgj|40|26
606954645|arlabutik|40|25
1312278679|desakshop|39|6
1618268930|batikcandi.yk|39|14
1220891869|therano_beautify|39|42
1514865869|getmyfavshop|39|8
1518722064|tiktakstore|38|24
1567691542|healthynfashionshop_|38|61
1126335021|bluemoon_store|38|32
1570699178|wearemybelle.shop|37|45
1606128871|finaonlineshop|37|18
1636797003|kazima_byzidnialasfary|37|12
996859887|flofestival|37|12
540875788|rarikashop|37|33
678238047|malioboro.shop|36|27
1696718576|bongkardus|36|36
1638048480|riyana_store|36|95
1666250351|sweet.eight|36|8
1414768962|catalunalula|36|17
1605744616|ranny_shop|36|21
1492568181|priscappucino_float|36|3
1444895070|khatulistiwi_shop|35|34
1325787395|berra_shop|35|29
754784973|ferbenashop|34|26
1599952517|missjogjadurian|34|17
1572494226|femmelinn|34|14
783592374|aiiamoo_onlineshop|34|3
1668797423|easthijab|33|10
1685083001|babypingko|33|53
956780814|nvshopp|33|65
983978623|simplystore__|32|21
1639806397|silver2ndstuff|31|28
1366025016|marilynsmonkeyshop|31|15
629129257|granolia_shop|31|78
314763754|chibikuro69|30|39
1519872983|seribubungahousejogjakarta|30|20
1595152145|dhaha_shop|29|11
1387528263|noctural_id|29|44
1503881397|phity_shop|29|24
1020552337|vintageku_id|29|31
1696424830|nue_gallery|28|168
1680120202|floracollection_|28|20
1356545023|onta_primitip_os|28|68
792573577|declaarysa|28|43
1654868367|promotechocovel|27|556
1694459930|annisachiffonskirt|27|9
843734252|untitled_shops|27|35
656195415|rbcollection7|27|87
583329543|tyaagatha|26|111
1489228241|breezybeeshop|26|7
365317546|siszcha|26|54
1024583313|jogjagarage|26|8
1694073134|sshopk|25|64
1687397537|greenmommyjogja|25|90
1684989765|jil.shop|25|21
782973984|momoo_secondshop|25|5
1417457579|piiopiohijab|24|13
1676081734|vinoviokidswear|24|31
1659043625|monday_shop84|24|13
1620266428|thaneashop2|24|81
1666273875|dianshouse|24|112
1604458525|happy.salad|24|24
1649554895|mitra.shop|23|12
1648091678|mgcsecond|23|20
1631079896|nn_olshop28|23|41
1574126530|hanyonlineshop|23|59
1520547952|everywhere_acc|23|28
1255630368|youlloveit_shop|23|21
1700378548|jogjagarage_|22|64
1431337896|jovanov78.ll|22|16
1695220413|claireshopline|22|17
1101306360|ps_loveit|22|53
1472105609|hayati.hijab|22|33
1273203589|nafashop27|22|48
788082669|najaha_outfit|22|22
1688808701|kayla24stuff|21|27
1676474622|esti_os|21|9
1198024171|tikapurwanti_|21|1
581959612|vacskitchen|21|25
1452899761|kayshop_|20|18
1595009905|skchouse|20|39
1570104822|viqolean_secondstuff|20|7
1401248308|snlittleshop|20|26
1535731356|chintriatiranadia|20|5
1505145207|in31olshop|20|25
1518423768|khan.zahra|19|11
5842217|luvlynyit2|19|9
1363856706|cheapysecondstuff|19|3
1121142571|jamtangandjogdja|19|28
1701456588|savethecable|18|10
1593204711|lafleur_shirt|18|18
1576936258|the.gatwi|18|85
1646690522|tupperware_tata|18|14
1502354635|lariszo_east_java|18|19
1684159779|cottoncandyjogja|17|21
1407364554|nothink_project|17|8
1591546350|jogjapparel|17|12
1436997183|collection_aa|17|13
1091645186|kakacantik_shop|17|11
1626816933|goudschatshop|16|3
1224569720|hellobellss|16|8
1683045594|marasshoes|15|71
1524663732|garasionline|15|13
1221080656|mini_garage|15|8
1603566590|kadoaku14|15|19
1520976347|hendro_shop|15|8
1518598482|shopatsixteen|15|26
1663315280|mygaragesale_indo|14|13
1651512674|maniolla_store|14|30
1506014171|sampleshoponline|14|27
1288755190|waimarieshop|14|25
1049197864|ch_n27|14|16
1036519332|glanz_shopyk|14|58
1242422140|u2.store|13|30
1599855040|aprielleshop|13|15
1572065500|caecilshare|13|174
434378485|yolo_shop_|13|3
1702302837|malangpinkshop|12|16
1548405011|epicsouvenirs|12|4
827009888|devashopjogja|12|45
582117205|parcupe_|12|7
1323073513|rumahcleo|12|40
1315019659|pandoraboxid|12|27
1694877371|nrp_olshop|11|27
1373259429|ndushi_olshop|11|7
1667643293|nuskin.jogja|11|17
1679497557|promoterumpumpum|11|60
1582026930|grandeur.shop|11|25
1545487213|colorfulcollection_|11|12
1498198328|amrjerseyjogja|11|12
1698078207|tiasgarage|10|21
1666203265|chabichabi_kitchen|10|5
1583249324|fortuneonlineshop|10|18
1497177015|ndienshop|10|12
1388946576|efdeshop|10|7
877934623|rosyanasiregar|10|8
1660063581|segieshop|9|6
1559482277|mocimoca|9|22
1426005973|joons_shop|9|23
1499648256|womenmomen|9|8
1373313200|jogjasweatershop|9|13
1341678870|lafamilleshop|9|9
1697526678|lalagaragesale_|7|7
1697781435|lalalollyshop_|7|27
1647219335|razettadotcom|7|24
1563649859|yulindoutfit|7|4
1548990489|yeppeun_ols|7|31
1370682911|marshijabstore|7|14
1328428859|rajut_aca|7|16
365352042|triple4seasons|7|3
1700147904|gudangpromosi|6|174
1326242365|indeesashop|6|34
1689705400|taperastore|6|3
1648129347|nonachicshop|6|16
1462679950|lastbyme_|6|5
1570700361|centro_olshop|6|7
1529261260|bee.moo|6|9
1521805223|lindza_garage|6|8
1434793445|arfatupperwarejogja|6|1
944014805|luccapisa|6|9
550427184|kylistore|6|11
1702427390|thriftshopbdg|5|10
1515347225|tintintinshop|5|18
1578966816|thingpeoplewant|5|23
1197363140|girls_thingshop|5|3
529226739|galeryhawa|5|4
1693045349|secondorderstuff|4|22
1703730698|enzohijab|4|4
1703516597|sofyolshopjogja|4|4
1661092364|promotefor_birthdaystuffjogja|4|35
1621814478|arra_onlineshop|4|1
1349928472|honeymelonshop|4|5
1478629269|jogjav|4|5
1400371407|romeosaroeng|4|3
1323199798|nauramerindashop|4|18
1103734006|shopashop95|4|12
414324420|theheritage_store|4|15
1693950126|karllinyoenoes|3|10
1608714878|rare_storeid|3|2
1582975347|saekishop|3|6
1457940756|dnp_stuff|3|4
1503922124|latisky_shop|3|2
1464275541|tupperwarenins|3|16
1412321744|cuteysugar|3|8
455843541|alulashop|3|2
1530109893|dnpstuff|2|1
1514369170|viona.sc|2|7
1501469716|ramasinta747|2|43
1409222363|lemariajaibku|2|8
1369044184|fushiaetnic_store|2|5
751238567|cherryflowershop|2|1
1649982147|senshy_shop|1|1
1635094204|omahgeulis28|1|24
1591164939|juraganliburan|1|5
1519930807|iklan_mixonlineshop10|1|28
1513242455|naavashoppa|1|6
1482301462|flickoutfit|1|15
1468502553|somethinggoodshop|1|1
1426154452|hellovestore|1|1
1379166180|luihshop|1|15
1421071293|muhafininda|1|5
1406507780|taffeta_os|1|1
1244792042|devleather|1|4
455769619|themiracle_shop|1|46
1702465126|diorderyuksis|0|1
1705205911|haibracelet|0|2
1701268496|staramelstore|0|1
1694416147|kebayaaku|0|1
1687648290|prlved|0|2
1680054582|rvjd_shop|0|3
1668490067|resellerwelcome|0|5
1398014848|nafisahshopaholic|0|15
