5347568|estertee|3207|20710
421248918|lafiorecoll|772|18932
1360926122|gemarbelanja|3864|16417
1466201325|4cloverrads|559|13517
275981528|angistia|883|9886
666757365|cfashiononlines|1671|8435
1294216289|mallonlineshop|16859|8396
1309693136|liefashionable|947|7148
886310304|swans_gallery|1080|6102
1553316149|ip_id4|623|6027
348910304|hillaryshop087885885228|9389|5989
1497790456|hai.sis|342|5582
1536354185|gemar_belanja|3394|5559
299045610|kiplingindo|3367|4832
284418803|pinshopacc|2390|4642
322362451|grosiraksesorisonline2|2053|3933
1476994273|bsteph_shop|143|3893
348948060|twingshop|653|3757
925001144|natanoshopp|2782|3360
681021191|dewii_grosirkosmetik|4225|3146
1508069042|blackwhitestore|1861|3065
1556998779|eleanorshop_fashion|206|2974
1418493815|linnashops|407|2959
288629313|taniagani_|4262|2888
1418740250|grewup_shoes_store|1149|2758
304163145|vennyshoppaholic|1201|2708
1397261639|arcwarehouse|783|2678
1676649581|raja_kosmetik|338|2633
333489781|cyndri_shop|2447|2633
1093755786|larismanis_olshop|846|2590
1664161920|jamin_murah|742|2431
302033819|aischatz|8767|2392
1476918727|labellemarrieboutique|474|2339
1666720688|hello.sis|139|2336
346135944|purplehazewarehouse|5019|2248
1260720905|ponychloe|414|2228
1189496577|feisan_joyeria|2464|2157
145923140|pusatsepatuid|1501|2099
1384992724|lovevangelineshop|3243|2075
1119739354|_silkshop_|1537|2066
224229446|addictshoess|1990|1959
1093174999|bwstuff_|4031|1943
1008252598|jelek_toko|5044|1876
1446198786|thepolkadots.store|306|1756
1395976849|gigoo_shop|416|1697
1379726527|supplier_olshop|521|1674
432013990|karjiane_pusat_grosir|1250|1668
1484207992|classyandfabuloushop899|219|1648
278541332|lovefordaisy|1744|1630
390768027|deandape|1302|1624
583938775|missfeylannythaboutique|2925|1615
480256083|fashionistaclothes|3605|1610
1415511061|supplierqweena|3267|1573
1689952559|kosmetik_andalan|437|1570
314122168|yunitameow|961|1541
200412820|tokosurf|8191|1528
1062157914|veniremagazin|345|1511
1181157679|prive_fashion|903|1505
1230601617|1handsupplier|313|1501
449523530|dndclothing|6799|1491
1469948674|littlebingkidstesti|1039|1465
553023329|roemah_arlodji|3345|1461
346546539|melzhandmade|8652|1450
1206773478|indofashionstore|6397|1449
1481984621|marundashop|3273|1447
578566187|indri69|1827|1423
390279079|chintacollection_ori|352|1380
1098478828|azaleawebstore|1860|1373
780294933|susisetiawati94|1298|1368
614611029|dotstoyland|3722|1339
526176928|mindblowingshop|9256|1327
227657306|berrybenkashop|28684|1313
402833256|sherrenshop|4119|1279
1417496384|mykpopstore_|1384|1241
11407428|kennydiana|594|1240
388209605|chr_shop|6764|1236
787511105|ant_girlshop|1100|1234
1424826779|scarfhouseid|1531|1218
693421252|shintamayadewi|2708|1214
1192785636|popsus|840|1212
1512878951|fashionstarcollection|4735|1208
442127142|shoperienceline|2899|1181
1112480058|gb_collect|1467|1173
1177615250|armcandiesacc|2044|1142
1652102754|iconicspremium|115|1138
7367721|nanaharun|552|1138
369653275|galeriwedgesmurah|836|1126
239442852|gwolshop|959|1125
1337121494|sapdhenstore|820|1120
362003480|lykrain_bags|799|1117
430975327|eiglowcraft_lusiana|1437|1108
818539109|winata_stuff|5101|1092
1435828812|gentlemenapparel3|4278|1072
1365207562|wonder_os|883|1050
1512906458|de.smile|1237|1044
1536756221|lovevangelineshop2|1979|1035
1419440433|bagcollectionmurmer|5662|1034
1390889008|clansshop|2742|1033
270318443|yunisari90|472|1033
1229100421|mochitofuid|9672|1021
965980477|dethaolshop|733|1012
1376561764|spreicantiklucu|1623|1012
1539166593|tas_sepatu_2k|908|1004
1330246459|weare_shopaholic|2012|980
462881923|nrysweetshop|741|979
1451383498|1nushop|1210|970
144015558|ressaadhe|475|960
1104093679|centralcarseat|1090|955
1462785063|decentvodka|402|950
290582002|feliciaharefa|218|939
1064153904|nurgordynd|62690|938
1644037678|kwangmi_shop|361|934
1486492737|butikbintangbabyshop|1476|933
473286296|ijoberry|740|927
1573220358|sepatugarage|6051|912
1536538705|gloriacollection|1171|905
1182476274|yoursoraa|366|904
1657753124|damnshoes_|1321|892
1172341939|gentlemenapparel|6640|890
1551153672|dolshop_solo|1596|882
1422016378|gentlemenapparel2|4535|873
1166071407|_shoeslicious|7149|872
1289309496|choir_store|642|863
34839182|blastacake_sita|9137|861
422125244|zhafeerabutik|1406|860
1464362484|amoreshop777|1900|859
1097471325|bajusenamdee|1241|859
326934776|mannequina_|12687|848
1424613456|littlepixieshop18|274|841
837211122|xiliriot|3058|838
506664801|u2market|2555|838
446993016|houseoffabolous|1316|834
709132059|nivaroo|3771|822
1307104924|bajusenamsyakira|821|817
1395700782|ociishop|538|814
560137048|doopstores|1127|813
1269361599|lesfemmeschic21|551|812
1364265719|idanurhayati81|1720|807
6370499|vennindya|550|804
1549868431|galeriadinfa|37|793
340745759|herslabel|3028|790
1560361308|melrose_shop|182|788
1530253870|gigoo_olshop|158|788
1564306806|lmtd_shop|595|780
1529843925|jolynfazhion|611|775
677834191|shopaholic_cornerr|544|775
1447020508|chloris_itckuningan|283|769
1462941842|masutii|178|755
1477210487|itsmeamel_shop|423|753
511342290|rosenicoleboutique|3427|753
1588145604|sakura.shops|2867|751
385711623|fashionmejakarta|7626|751
1627273360|olshopcantik_|211|751
555780683|jasminechocolate|1325|735
1582099250|dirabags|177|735
1550755787|tipbar_ikea|1446|729
588879110|easytravelholic|5441|728
1047728731|vlyshop|2590|716
1440227632|larishouse|304|714
1558367431|sj.fashion|2052|712
1352143373|life.ease|1824|711
1501012931|reefsabell_shop|101|706
1097704120|jualanku.id|519|700
1584381736|savana.beachwear|1250|697
392711571|resikrisnadianto|1537|692
1375696175|millieandmom|730|691
1648059910|dressupadv|47|690
1696424830|nue_gallery|118|685
1575010315|splendidattire|1273|684
1651827566|onlineins|1044|684
474654374|princesscawaishop|854|683
230821639|demshop28|338|683
1380686063|dsix6collection|2648|678
513127680|elegancasejkt|300|676
1409744337|sepatumurah_wakai_dll|2163|675
1104180003|classystuffshoppe|1919|672
1366530169|lollipop.rainbow|634|668
1245138201|littlekey_|2185|659
574286711|fantilen|897|653
1494559264|gentlemenapparel4|3417|651
1507100426|nonamuda.fashionstory|1466|644
1039646744|signature_ind|1644|641
349187533|thewomanshop|1015|639
1470302948|tandti_tands|1750|627
435343753|oldiescompany|3251|622
1437740559|niserashop|390|613
47159532|vheeca|51433|612
1545505937|dkh_onlineshop|649|611
1296318666|miraarief|1442|609
29129550|dee_stuff|1783|606
1008918625|yukibabyshop|2781|605
1403404446|sheblame_me|273|599
337447396|bkk_clothings|5452|598
1489085491|mavenbridalgown|756|596
1198618259|janeonlineshop|319|594
372300653|jeryan_store|362|586
1247821414|mykarannia|197|582
39706042|aldynadamping|306|580
274943810|frantuul|604|576
1035842292|blaizeboutique|502|569
582007412|roemah.batik.anjani|288|558
1454930522|littlethingsshop_id|4258|553
1583362279|liflanelle|1250|552
1012376457|sepatuindonesia|1113|544
503774053|perla_nina_shop|3728|536
1491289277|morimori_luxury|2176|535
1397517279|klikbabylove|420|531
564364643|sakura_kusuka|1682|517
1167451300|kingqueenshoes|1690|511
359482352|nindstore|256|507
1086244511|gmjamstore|998|502
1479021808|dailywearshop|1117|492
716153516|grace_fos|176|491
1610969158|may_gadgetshop|1872|489
1319170099|lolieblue_|1630|488
575965019|belleschon|1585|485
921675011|sa_shhop|1544|482
1015462919|jerindooms|395|481
1471057894|eldincloth|243|481
1450325601|bilnaid|1073|476
1076686258|brin_fshop|1070|474
1668193240|sepatuku_bagus|2809|471
1598665709|lastpiecestock|354|470
1461690973|nimonina|123|465
775354742|fabolouscase|490|464
339231554|lokitadevia|984|460
1138532263|liliestasman|371|460
1273910988|clauitachic|2136|456
1184013497|osazeshop|1973|454
1104053259|fchesse_shop|542|453
1332000719|kpopstuffss|428|453
227669003|marqueboutique|764|451
1587699646|ipickit|201|450
1597517697|allday.shopping|443|450
1353937166|rumahtoko|2362|447
225348741|mariazamira|172|447
808828153|graciela_tan|568|446
1009092611|runaluna.shop|1085|444
1583174207|tokomungilqueena|336|443
1662135784|kadesqons|163|442
1512701030|ashaletta|39|437
1645505739|manristore|76|435
1528955512|womenalwaysneed|1862|433
1541736294|chaaonline|1362|433
1109678938|curveecurve|940|432
1290749854|takkii_shop|202|427
492347416|warxisister|1293|426
1384440598|triple11shop|1740|424
1541496138|loveourshop1|806|424
1397840804|vnotime|417|424
549784429|adasemua|719|420
1659978569|dinipratiwi124|100|419
1172304500|aqweenshop|888|417
513727861|asibayi|9873|417
26447031|gekdeean|2288|415
1661838772|hikari.shopz|2152|415
979958818|semuamurahh|327|414
828845395|sistahoodapparel|637|414
17928798|rennypuspa|662|413
1194580007|luckynau|1659|408
200393899|pixieangel_house|4324|407
48687954|oka_indawan|604|405
1347710034|shoppa_stuff|230|404
412773301|eyn_shop|206|404
1390563463|scarletteshopp|173|404
1175123338|lafiko_|311|402
299116381|mavenfashion|552|401
515484015|nietawu|985|401
985953317|missbazaarindonesia|4369|398
1432600930|laurayuwi|457|398
417000137|jamcasiomurah|590|397
1465588402|haura.fashion|295|396
422046991|geumjamur|116|396
1435503703|winska_shop|179|396
1655276301|elfanstore|74|394
1338172355|korea_mode|3759|392
209140421|nd_shoe|1050|391
273732459|riyu_shop|700|389
1502610690|shelafashionshop|485|389
192618799|greentylatte|1027|389
1446781362|wurf.id|244|388
789982713|smshopp2|610|385
1549646019|gentlemenapparel5|2611|385
1464225606|girlstimes_|622|383
1628065378|bajukiddomika|98|380
308539236|mypashop|1207|379
1588472262|aylastorepku|2637|379
767759227|boolittleboo|3463|379
1384750226|dessydessy2|2522|376
1069435747|pinoopooniwardrobe|133|373
1695067296|jamtanganwatchesgallery1|188|372
791119609|fals_shop|421|371
1496876595|hellowclip|1290|369
1547692045|originalsupplier|14477|369
475840141|opiilicious|360|367
303763258|edwinariegayo_sora|457|367
1067839958|doyanpepaya|896|367
1069249404|moniqbeautyfactorshop|1587|367
1471011005|bimaonlineshop|5538|365
1142124554|djotanstore|3866|361
759394909|catchybaby|1415|360
1648383722|faluryolshop|3879|360
1633245766|ikea.id|1624|360
316519893|aloysiaedith|1837|360
352372877|safafashionstore|1049|359
1663593175|double8_wardrobe|381|359
1687917999|aprils_collection|731|358
1685618671|tsjstore|119|356
1388702848|lovebaby_id|1037|355
1476221260|inovashion2|191|353
1577788717|hijabfira|324|351
528103155|lavendermode|1840|349
1612020702|pingqueencollection|10778|348
1194779606|violettaroom|25133|345
1234519711|morgainecollections|929|344
1711927346|gudangwakai_120000|519|342
333255578|veleswth|164|342
367660971|addictshopaholic|17654|341
253332110|dinidudul|755|340
328892189|anggraenishop|2501|338
1097621204|avvstore|671|337
1056297495|wardahco.bag|1648|337
1690119825|sukasuka_shop.sss|477|336
1649501310|cachet.cachet|1152|335
408999926|vloren_shop|968|334
1376515531|apparela_store|159|334
1316910223|eloisec14|1568|333
772783490|restysprei_shop|241|333
1353846149|flaviababyshop|496|332
1620161204|distrodirectpremium|247|331
1432536629|m_shopcollections|380|331
213020842|geshop_|4463|329
1548629466|triplenine_sport|501|327
670212156|chicprincessid|3062|324
1174389572|octha_abriyan|231|323
1277142899|dpawnees|469|322
1490378838|fabzandglamz|1961|322
1411821088|rozushop|1216|321
216609957|cupcakeskitchen|804|318
234462092|phieselphie|874|317
386024335|joshonlineshop|2838|316
1639328125|ibejiboutique|191|316
183076039|lilia_tipscantik|3116|315
1468370850|annisaa.syam|227|314
1506639795|mc_beautyhouse|2171|313
575958987|inovashion|4205|311
1529350685|orangeshopjkt|409|311
604693517|caradesignhouse|2417|310
314694762|bandarfutsal|3941|310
1371115476|ceizababynkids|3261|309
672185756|lovelyfancy22|4025|307
1521955235|nindyjackpoot|1015|304
301042702|nitayunietha|805|304
1415390260|nabilaolshop|97|303
288564339|firdaarr|164|303
21698640|alxcky|221|302
1605297497|nanadashshop|3511|301
1508343608|vanbeauty_shop|232|301
1649703432|fansdeluxeauthentic|103|301
1096461011|nooviitaanggraenii|105|300
1138215099|bukuapik|263|299
1284435338|uutstore|3129|298
229399192|agathamela|589|298
1565438936|littleorlyn|350|298
1358809614|girlsdayoutshop|104|297
587422012|xensual_w|1517|295
1676246590|pinkcableshop|145|294
443906645|jandbshop|459|292
1361877634|afril_shoop|4634|292
1364924395|bebemart_online|2291|291
1434978107|ikelashop|2508|291
616860307|lipsfashion_megabekasi|825|289
509048567|hellocolourbag|936|289
1430616578|okeshopmalang|218|287
1502577499|thelavelz|197|287
1305862190|womanclothing_shop|2868|285
491188458|ellarchmwt|190|285
1537563464|gulagula_id|2925|283
1158994038|madahamid|171|282
1599923187|ailareza_shoes|495|282
219020874|danuenco_manstuff|7078|281
1162414364|stickerforher|1371|280
1668842599|nievon_shop|48|280
557868661|princessweddingsouvenir|1068|279
812878748|113_kirsche|56|278
1542831997|anointed_clothing|260|277
1239557798|chicdestyle|538|276
1521045669|16august_os|433|276
1526755210|lea_olshop|174|274
627201341|juliandi_thefirstos|477|272
1536301265|ndsbeaute|549|271
1377399301|wevegotwhatyouneed|100|270
1470454772|pondokbaby|594|270
186739614|rafazkahouseoffab|536|269
1505966585|andifashop01|52|268
1639611621|stuffbypuffy|68|268
1591447915|marchcase_id|342|267
1591545417|house_of_female|595|266
1190484111|rafflesrainbow|1129|266
1519079382|masker.spirulina|2381|266
1189042005|twinieshop17|4900|265
839732673|babysyau_shop|4430|265
1212762515|limapuluhfashion|331|264
1540330179|ummisholichah|151|262
305496530|mirzaicha|366|261
1395638504|shofastore_|386|261
353101976|silksunday|411|261
1540321434|etshop.14|162|260
1194682295|indys_house|2068|260
1466386113|ours_collection|486|258
352201967|bfashionable_you|156|257
1490215371|feonapreloved|692|257
1688615447|wekastore|164|257
672775331|mavrixcollection|290|257
1500647696|beneebabyshop|231|257
1706051587|olshop_dika|140|256
1542391771|mavenfamilyapparel|110|256
1472222281|jelaike_ann|243|256
1491340242|dantedresser|2030|254
645890491|mommylovebabyfey|4214|254
1643923654|joliz.collection|550|252
1061163678|ashoposh|263|248
354644872|thexsjakarta|810|247
1618744122|alzcollections|43|247
309582976|zeechristysiahaan|1070|246
655075672|raline_shop|468|246
519159355|aishiteruonlineshop|1297|245
1691817306|mvshop92_fashion|532|243
10438193|novirahmawati|268|242
575574679|ratu_shopping|2615|240
1478283151|noxania|251|240
1169126929|waveeshoes|221|239
1416361052|ff31shp13|180|238
24105726|anto_inde|230|237
560782511|rapunzell_shop|708|237
1523087343|grosir_sepatu_|203|236
1325768152|women_treasure|392|236
1704123049|astridoctavia85|134|236
1694504386|bulletz.id|371|235
1048863127|zalirashop|1019|235
1537281155|sarwinshop94|286|235
461948586|petiteconfiavel|10770|234
1555056560|ndalem_arjs|138|234
1294025953|basket_trunkshow|182|232
1214438081|bearfullyclc|1537|232
1631434669|missgotenba|138|230
1576022222|elrosebijoux|592|229
1592044127|fairiezlabelss|437|229
1641035201|land_online_shop|41|227
1544503163|storeapparelgaming|3152|226
182498524|mercykaren|429|226
1183469575|dianapriani07|87|226
1431527488|qwink72|139|225
1197946331|jamtanganclasmour|165|224
283263076|sarahangelas|703|223
1611142624|princessoris|92|222
1203867746|dshopikaa|1568|222
1560178047|divavostudio|832|220
1603960069|kalsium_peninggi_badan1|2777|220
1655157318|nararyaprojects|158|220
1600085298|journey31shop|230|220
433951439|gclothes|513|219
764444364|dilatubutik|1605|219
1408747719|toko_pernak_pernik_|289|219
1186075511|yunniclothing|706|219
1452847757|reishachamber|80|218
1506268823|chloebabykidsshop|111|218
1457878771|bag.ateliershop|1382|218
1400158315|c_n_co|4356|217
1412166546|indigo_wearhouse|441|214
1574630090|danteshopp|172|214
1178210315|momandjrshop|1103|213
1141954778|olioinfinityshop|2861|212
1487957283|footwearaddicted|619|211
214902362|azizazii|564|211
1691568553|2048shp|57|210
1592313829|itafashion64|336|208
1440929976|biancacollections|564|208
203064948|luph_shop|932|207
1720147680|melsashipingshop|46|206
650223704|myllshop|377|205
497064841|lademoiselle_id|4888|204
1533016374|wijayaaccessories|210|204
1240728412|adelmoor_fashion|93|204
1400403181|e.shoptime|267|203
1476805771|necklacesshop|3340|201
1544049548|lovelylooshop|405|200
1124219812|shopofqueency|653|199
1621667236|_belandja_|31|199
29689798|yohanes_wempy|359|199
368046242|dnnyshop|883|197
7773519|veliskaaa|360|196
1507931428|nurmalabarbarakidzand_babyshop|412|196
1579190895|ownerulinshop|141|195
45006773|thaocloset_|1959|195
1449927601|nabilahhdyt|170|195
1605914413|her_essentials|84|194
1575463803|jadeandmaddy|267|192
765501264|mvshop92|311|192
1439643388|aneka_coklatku|2627|190
613282082|allebshop|1067|189
1140021566|theuniqueone08|213|189
1651822846|haohakenkidsshop|307|189
1605580236|miccasudrajat|47|188
918990083|fifuraoshop|416|188
315250371|dendutbabyshop|1957|187
1644133121|fahri_shop99|157|187
1554755902|zela_shop|378|187
1639068465|kittyonline_shop|119|186
1395741168|fluztly|1891|185
1724980978|miss_fashionholic|454|184
1099693398|krabbyshopp|1011|184
223515746|tllshop|1851|184
1499254046|vie_online_shop|527|180
755175213|aytashop|782|180
1550707641|shagi_olshop|150|180
1019014187|nathhshopp|886|180
478395284|diditshipping|247|180
1612214123|pbusana|54|179
1532812813|bakernbarista|1410|178
1483251224|vaire.vogra|241|178
363531072|suplierbatik_kusumashop|430|177
1053749301|poppinogoodies|555|176
1346734427|wulandari1212|601|175
191213387|catsusilo|386|175
1368225257|estrellastore|636|174
1087030298|sriwedari_olshop|4321|174
52932968|lutfahalka|251|173
1450200349|anny_collection|865|173
1620482670|momoe_shop|670|172
1616683188|baju_bagus|378|172
1328216469|lielpatissier|5094|171
497776172|yudhamaruto|96|171
263653803|vy_boutique|187|171
1081960885|ig_nav|150|171
1098114582|stellashop21|1142|171
1366370135|ajeng_alashop|390|170
1392201512|lynelle_insta|227|170
1604468156|hers.dresslabel|113|170
701716867|prodioshop|119|169
316069323|qielashop|696|169
1490431439|mink_id|639|168
1565766293|dapoerdela|221|168
312112421|davidolsh|312|168
244649414|fergisshop|2567|167
807276138|weloveplaydate|517|167
1599733526|cresc_id|6226|166
200104639|garagesale_siprincesshopaholic|1756|166
568744225|apriantidian|312|164
1455024792|fathiaashop|145|164
297298196|miusagiftstore|706|164
632335566|neverlandsecond|1434|164
1626570290|pixiedust_olshop|87|163
1621577483|savheea|468|163
1571116645|bimaonlineshop2|637|160
1468730195|zabarahijab|184|160
7494384|trrocks|204|159
1665912812|first_viols|231|159
1631937139|edzareza|88|159
1575690481|rafa.shop87|198|158
472343089|basicoduchess|446|158
1418161575|yuppiestuff|153|158
380096909|sochishop|344|158
1433621791|dwi.artawan|4007|157
1453994046|hazael_collections|189|157
1546498839|di.mode|189|157
1642436027|cias_wardrobe|49|156
1252556511|rans_stuff|577|156
1456315058|glansie_skincare|196|156
366073224|pick2wear|2880|156
727678017|code.valentine|343|156
188878020|cvpshop|4789|155
1415358361|teenshopp_|263|155
258029152|iinkamila|342|155
1037010884|nabilarizkiyah|228|155
488714080|miprimerashop|178|154
521631317|icaseshoop|328|154
527770577|rumahmodetas|188|154
285529358|coki_shop|216|153
370089598|jeangjaeng_vente|92|152
1473618250|grosircantik|1117|152
1431757390|brandmindedshop|752|151
1589777028|girlsshop51|76|149
1525888387|welvarendeshop|303|148
1578308008|azaryah.cid|116|148
648129236|takehfstuff|2156|147
541171179|shellaoct|218|147
1458910095|ikelashop_jkt|2925|146
944133145|felitictoc|202|145
1691543435|yik_shop|236|145
637032020|alalylushop_|518|145
625338327|almondmate|394|145
644654360|cheche_corners1|762|145
1494339500|quenteenstore|54|145
1494934261|lisa_cainkk|391|145
1595468905|gollywollyshop|520|144
346895997|pratwonamshop|719|144
1595667116|lockstuff|169|144
1447819930|instagbelanja|263|144
1500296905|regalia_id|99|143
1634754474|queensha_lova|47|143
1319069239|lila_olshop|859|143
1544008750|py_shopping|243|142
1722020572|len_jewelry|65|142
1555845815|kisekijapanshopping|133|142
472454729|holastrangedear|1099|142
1651815547|meystuffid|69|142
1614660574|fda.project|109|141
933691513|bellayuena|311|141
1446843037|grosiria_kosmetik|273|141
198854206|nida_konia|245|140
553068928|ichajija|208|140
1393650461|wilcishop_id|509|139
1679865363|kaiskitchenbgr|334|139
1688695960|ssdouble_fashion|37|139
1222026420|thelooknet|2599|136
1556072848|sevensanabila|618|136
1265644259|almondcollection|102|136
220763021|naicloset|520|135
1567837974|geraicantikbunda|123|134
1649334246|mitaernawati|53|134
1407760007|youkece|3174|134
1566658634|kochidrezkoholic|723|133
1624282586|grosiranforever8|117|132
1473388180|croireofficial|1013|132
1599875201|hazelslittletreasure|312|131
449147563|shiningpandora|554|131
1418252431|mailasroom|251|131
1651822751|belanja_doraemon|1536|130
1614375084|babybshops|154|130
1080394909|aquanitafashion|1540|130
1577599933|prelovedjess|304|130
1590118848|almondcollection10|114|130
1616196904|anisapratiwi2204|199|130
1539064916|deventa_butik|54|128
1354498904|brandedteejkt|44|128
1674577685|clothing_pallete|99|127
1446964566|hello.shojo|140|127
282033301|sisterlovestuff|368|127
214035017|herbacenter|1377|126
972420076|cheche_corners2|703|126
1691732922|rekadashop|25|126
1658938045|selendangku1|1012|126
640169282|nylcorner|95|126
1680563156|maniaktas|380|125
1043560235|ann4_shop|573|125
1373967161|rometakitchen|130|124
458029828|helloostore|990|124
1240376489|dchicstuff|2420|123
33210865|forever.eyeson|512|123
583597764|zahrashopz|915|123
1650784567|didashoppingonline|139|123
1480421403|puttrriicollection|214|122
1514148222|takhosofa|232|122
1639629685|tommingshop|1085|121
1535739527|lynette.clothe|443|121
1725820648|kartikairma_shop|74|121
222472924|sizzlesap_|220|121
1531564362|stickercustom|940|120
1419198408|gifted_hands28|229|120
525139050|geraimima|339|120
1648646588|ramerameshop|307|119
1641310931|lemarie.mamaa|200|119
1556427809|mickieycloset|576|119
1606830168|leganceaccessories|1490|119
1628779639|renekidz|105|119
1532852041|mintyanne_boutique|114|119
1683847450|pearloysters|37|119
1525730234|neverbeancozier|694|118
41107851|marcyvania|196|118
707572413|kiddos_corners|89|117
1659361811|713_shop|67|117
553294582|redpurple_scrap|170|116
425829140|onlineshopmee|858|116
336165439|cottonbellshop|1653|116
1286498142|jewelsaffinity|270|116
1537384933|fluffy.shoppy|371|116
1488207285|hazelnutt_baby|977|115
557809431|handphonetiam|344|114
1480083165|jc_handmade|285|114
1349630201|noviboutiq123|373|113
1025359349|pilipilistore|200|113
1523031303|fluretteshop|129|113
1420317588|cenryliu|38|113
1710661462|thaniahmomentinfinity|91|112
1600899376|graciakshop|66|112
1706389963|morgainecollections.misc|29|112
1200886964|racheloshop|534|112
237194191|andriafilani|199|111
868264945|sparklingbag|1539|111
346079763|sayicantfly|355|111
1714389475|aviracollection|27|110
1490668387|nomnomnomo|147|110
1589986220|ayahbundakushop|77|110
1704660844|scentpeddler|29|110
1514446954|chemistshop|427|110
1691398159|alexagaragesale|273|110
1557324015|occoccip|103|109
1653409992|sieraclothing|2350|109
740431786|e.r.store|327|109
1392134429|farzacollection|354|108
1680116573|ciarashop|23|108
1433821905|baru_and_second|141|108
1706213511|shelby_shop|31|107
1252129051|nafashion_store|227|107
1545366951|bamboo_culture|751|107
1683436389|afawahstore|74|107
1524752504|jasatitip_bambina|56|107
1724115342|olaysshop|433|106
1510546850|oysem|131|106
1556475282|mykpopstoregallery|111|106
541015472|carolinetandiono|230|106
1173824827|mychan_shop|1413|106
1472112458|feliciabeautyshop|209|106
845910098|giovani_jilien|97|105
865244620|minerva_co|1735|104
1642540297|yaraelenakids|332|104
369624190|nshop110521|66|104
1158741229|mommygio_closet|468|104
1693225481|jewelcouturebag|95|103
216292716|terryoshop|595|103
1450399040|babygpreloved|416|103
1369823252|deathspaceshop|460|103
1514257286|cels_olshop|153|103
1483240270|cfashiontestimonial|30|103
1145649069|mudpieindonesia|537|103
1655089716|mbellocha_kosmetik|345|102
1373213132|jezgiftshop|452|102
289455699|pipipupnco|716|102
1506829417|holyfashion_surabaya|402|102
1727506330|iloveyou_drkosmetik|7|101
1320831648|alat_kesehatan|296|101
1589746400|dokter_kosmetik|2285|101
1718352887|olzhop_alifa|202|101
48587680|baground_|176|101
1396037309|mooiemobilecase|145|101
212867563|yolandaislamy|231|100
1083502580|haarystore|274|100
1514779836|lionelcollection|123|100
577146879|technoshop99|131|99
481280103|femelleicon|1070|99
1342771386|bostoserba|839|99
1358518800|femmes_store|3105|99
1531015815|sneakypiece|92|99
503792533|chloestuffshop|643|98
1435983052|arturegadget|1066|98
1484130271|qurota.shop|187|97
1696767544|pepper_make|56|97
509838973|appleflowershope|205|97
1696548059|koreaashoop|349|96
1531778228|queenofmode_|462|96
1706221721|galerifaira|19|96
1598867878|eclat_id|481|96
1557305939|bballstuffs_id|232|96
1712531150|echeap_adv|12|96
1504995616|dgustyshop|118|96
1603973494|detokki|1156|96
1444912519|kelontongunik|156|96
545951778|raizashop|1089|96
1673569964|ironmanrepublic_jkt|69|95
1694183842|priming.shop|89|94
1580970131|tr3nzshop|194|94
1692579417|fiestayahya|191|94
1516517939|sugardose_id|244|93
587032173|christynatalia94|232|93
181513700|queenbutique|721|93
1529253011|fashionableroom|202|93
1479999240|maderandkiddo|596|93
1008218281|kadomoo|140|92
243773726|beautytoserba|2549|92
1689768173|cimby_baby|78|91
1451782361|smartgreenmommy|967|91
1529025358|shop_and_peace|62|91
1697054328|dreamlyneboutique|492|90
1549010631|meandyou.st|33|90
1198133815|uniqueshop_emmie|224|90
1180714340|babys_and_mom|258|90
1684867946|kolakola_fashion|1141|90
1634744885|heybeautiful.olshop|354|89
1574430495|tokobajuku07|222|89
1685466502|yeologyshop|229|89
1420341355|umeapidshop|150|89
1622436858|siehershe|55|88
727579634|laroserougeasia|5817|88
1679751022|wiwianna75|60|88
1599841773|crown_hijab|247|88
689746126|testimonilokitadevia|1180|88
1707422604|kannaya_shop|112|88
1716150967|gss_fashionbags|49|87
1600770484|iammestore|49|87
652552678|dini_triana|140|86
1543382052|vandia.shop|65|86
674764465|elhadni_hijab|208|86
275201775|vankanaka|229|86
1655617903|dhen_shopping|63|86
1590135387|fika_preloved|345|86
1723438862|cloth_in_style|93|85
1387083777|lenkashop2|1961|85
1329227837|yuqita_komunika|21|85
1499475213|lafiko_kidszone|64|84
320792668|veelineos|203|83
1664286685|candlierbabyid|155|83
489992791|blessingshopee|510|82
1256549647|deeveeshop|87|82
1666144921|pusat_sepatu_murah|135|82
491182479|heljun_minishop|1622|82
1170761246|sekenstuff|644|82
1721201837|tokomurah67|43|81
334090096|miinyashop|123|81
1717972439|tokokaos_misscha|55|81
1545409403|prullariashop|43|80
1426085864|shopmarionette|161|80
421732951|devianakiat|140|79
621880695|tas.50ribu|862|79
1480677226|cutevintagestore|157|79
1485137685|pamomoofficial|36|78
1635181955|jasminechocolate_giftbox|172|78
1727994005|sunghwa_shop|11|76
1477116051|detsrait|128|76
1499019287|ked.shopp|14|76
475347697|nynyengirbakery|126|75
1326038537|relaver_shoes|1665|74
1610471735|gift_fairies|189|74
1626762491|sarahvitraa|489|74
529336143|neednwant|85|73
757302751|desnova_dnkids_babyshop|381|72
351184706|titomismanto|73|72
1562479409|dels.collection|47|72
1698240482|aquanitatestimoni|14|71
1455490462|viviastuffs|197|71
1709823287|wynestshop|55|71
1499412309|partyneeds_id|14|71
1297141567|ulfi_a|237|69
1652311866|cuffstorejkt|3236|69
1586863922|lolisnack|216|68
1702908904|gossipgirls.co|48|68
1693838475|sellrowshop|39|67
1693146378|brownbeartoys|478|67
480658684|luvkidzstation|292|67
1576833151|craftamor|64|67
1724403434|boyshop_ragil|13|66
1666563782|karjiane|56|66
1684638542|winds.shop|1131|66
1576907195|lyseco|1832|66
1427615523|helloorangezone|138|66
234115981|zafira101|277|66
1514592388|tiamode|74|66
145762122|rashelvore|77|65
1558203446|denimbags_id|202|65
276808419|skiishoporiginal|526|65
1681853245|idm_stuff|50|64
1560163695|andama_|326|64
1650699508|wisuda727jakarta|36|64
1409818248|fashion.aurora|104|64
1479852728|lave_apparel|112|63
1677305142|cla.store|45|63
1623875621|dessandra_moslemwear|203|63
1387623730|dailystufff|176|63
672475836|lesoleil.co|1485|63
1695576484|debe_shop|36|63
1420040181|eclectichomedecor|3481|63
762046926|garagesaleus|368|62
1697682592|vidhi.scarf|29|62
1672923826|liz.collections|148|62
1695489684|craving_forcase|72|62
1638157858|nusantara_studio|696|61
1649830678|florieflorist|169|60
1657796507|80smen|74|59
1590353366|diah.restu.k|102|59
1121853490|abigailslilbow|148|58
1115131681|spadis_shop|116|57
1637796503|livinglocketjakarta|133|57
1655205405|ladiesapparel|70|56
1680346636|anggiqween|14|56
1003339853|grasioboutique|317|56
1721830874|dins_olshop|7|56
1538088013|christfashions|8|56
1457555021|good.damn|62|56
261190440|lisasnd|73|55
1693330753|balnustreasure|57|55
1476753930|vannyivana|130|55
1449304178|biggest_shop_indo|319|55
1275014295|margareta_tjahjadi|85|54
1690535743|wrapmenow_id|151|54
1708826945|alzfashionbags|8|54
191135820|namprelovedstuff|177|54
1589061541|pinkiciwshop|100|53
1489702333|ryalishashop|138|53
1584936287|megina88_shop|106|53
1263891490|evesbakehouse|101|53
548480405|kimygallery|113|53
311881948|blacksshoop|231|53
1560425695|casual_store20|124|52
1501585038|prima_jewelrystore|188|52
1456332518|unparalleled_creations|78|52
1723240734|footstep.id|19|51
1610227855|baboobabyshop|111|51
1681460999|khaerunishop|89|50
1222044960|thingssheneedsshop|76|50
1509781022|toccastore|810|50
1653984199|secondstuff_gallery|62|50
544921636|thedicha14|691|50
1714388820|espoircloset|147|50
1704690571|classic_jeansindo|998|49
632114597|findmarket|226|49
199611033|marinadessy|1393|49
539207311|_blossomstore|1340|49
1493585840|lily.ahmadnaira|392|48
1565440686|leinedress|38|48
1161727505|bman_shop|155|47
1653233443|mzhshopjadi2|66|47
1712853862|spa2store_id|70|47
1707155998|yeologyadv|6|46
1677982939|dressupwithpeponi|1746|46
1683219785|hersfashionbags|5|46
1694005010|second_choicee|80|45
386593113|larssonieber|118|45
1574207082|nokturnelle_luxe|858|45
1541353306|seslences|655|45
1668085075|kevinspotstore|47|45
1705535500|zardhan_store|8|45
1501655882|quick_picts|107|45
1690079703|wessacakes|49|44
1401584424|meilyciousshop|22|44
47116148|deedeeliu|128|44
1531962041|simone.yulianto|129|44
1712467680|kodokodoshop|15|44
216200367|myrnamadeline|375|44
1697683119|pkusecond|154|44
1708880860|frastore_|4|44
1615877602|baranistore|582|43
1584190482|velloshopping|1074|43
1458892345|lolylolybra|477|43
1671098053|echeapid|192|43
1471140357|jmgroupshop|117|43
1688935176|humaira_shop_solo|71|43
1295954422|ellantiqueboutique|85|42
1721691145|byririeprams|7|42
1709025075|defose_store|126|42
1627520556|zra_hijab_miulan|14|42
293140592|cameleya_gallery|24|41
1717593998|nuystore|4|41
1329574251|kresindo|127|41
1712491136|orionhouse_|28|41
1650526243|emji.id|877|41
1693840042|ifacloth8|205|40
1578903057|designbyes_|83|40
1561846383|kapsulspirulina|151|40
1418393845|drunknfun|67|40
1703953408|clazyladies|12|39
645822554|rachmanas|45|39
1600959538|bee2beeshop|82|38
213976948|suavescrubjkt|122|38
1682963689|solusicantik1|120|37
1637876779|mndrshop|95|37
1685078499|noire_ig|21|37
1719530924|dubu2ndcloset|43|37
1680205925|shoes_ties|35|37
596964861|joygiftcollections|404|37
1427280937|qinnscook|42|37
1576747996|abinayafashion25|243|37
241487017|mizzrheins|190|37
1696302150|aegyoshoppe|57|36
1500831620|flaztore|118|36
1694522140|tommingshop2|95|36
1400264767|hebe_shoes|125|36
1703879696|funny_funi|75|36
1570127110|winky_lashes|94|36
926514721|winafashionline|435|36
1671049130|miss_a_onlineshop|200|35
1307041871|raracollectionn|62|34
1635748240|_f18shop|71|34
1650801027|be_nyentrikshop|396|34
1681275113|mrsfransisco_shop|92|33
1701460295|aksesorismurah50|40|33
1544587620|toritorishop|199|33
1727994435|simply_outfit_men|13|32
1549599304|letoffeid|232|32
1518596393|tongkatibuperi|1450|32
1233820195|ootdbymelz|156|32
1604332271|jew.el.ry|896|32
1660016726|comeandplay_kidstuff|70|31
1649712080|voeux.store|146|31
1145071518|mprojectols|56|31
1396890286|bonpapier.id|78|31
1662040618|fiuhproject|302|30
1542407315|shophappystyle|201|30
1636304757|id_amusukeda|212|29
1456185299|pastelstore_id|75|29
1501359730|matheus.adrian|146|29
1594435940|shopatmauve|26|29
1691837288|kiddiechicshop|120|29
1653362817|galerisehatalami|31|29
1384642656|wikronhakim|61|28
1640025228|zerofourshop|26|28
1525248584|yoseramodello_testi|1|28
1717902505|clickpradashop|19|28
1512936545|velotraxid|246|28
1610835962|detisha03|15|27
1166672891|chocolastore_jogja|72|27
1691398033|roychandra354354|5|27
1720077930|eltiajewelry|34|26
1582566486|flashback312|125|26
1271765302|as_travel|150|26
1717478705|nikeorimurah|15|26
1686914981|jamditangan|5|26
1693627965|gollywollyshop26|31|26
1726077266|deasshyboutiquee|72|25
1680079091|sambalbalikriuk|134|25
1657076753|storyoffashion20|35|25
275105899|chubby89shop|17|24
1472352762|louvenire|91|24
1705908315|manikaid|14|24
1293024352|_pearlstore|21|24
1684906409|clothdrop|16|24
1664245465|animal.hat|179|23
1702496082|allnatural_soap|58|23
1647868719|ashisicha|27|23
1724790226|nuegallery|10|23
1702299548|maritzahenanto|8|23
981891357|galeri_ibu_anak|173|23
1688966598|dhe_beautyshop|55|23
1716797449|kaosoktee|15|22
1705985801|pollka.id|44|22
1723463042|pandacollections|15|22
1694159741|houseofgadgets_|14|22
1649366946|milenix_store|308|22
1451384196|greenycollection|91|21
1707496429|frday.acc|97|21
1726621968|appareldept|11|20
1725563047|wapshoestore|24|20
1716577700|lepiccolo.id|39|20
1513258052|eunice_clothes|64|20
1694082536|chaotic_collection|30|19
1688879476|baqulan_winy|405|19
1702554539|bebeebchika|25|19
1674438093|noir.et.blanc_2015|264|19
1083263035|adifa_gaya_olshop|92|18
256478735|thesweetsugars|558|18
1701480073|medusa66664|5|18
329593872|ke_sini_aja|732|18
561916781|fluffy_house|46|17
1702295182|veleshop|8|17
1652511870|pomecie_shop|6|16
1576798899|andtpro|36|16
1723069184|fortunecookie_shop|5|15
1704154165|houseofthings_store|973|15
1631508309|pupizooshop|87|15
1195896176|gelangindia|105|15
1587177360|verhaltenshopid|26|15
1593903610|mukenagallery|67|15
1697486401|mencollectionid|57|15
1634919016|dwierna_mci|5|14
1720543841|rncorner|14|14
1677346038|shop.styles|13|14
1559457808|shop_amethyst|32|14
1526055776|zananachipspadang|23|14
1637731931|papi_commercial|22|14
1727649090|jellyjellyshoes|6|13
1108159661|nuevesnacks|209|13
1707919463|coffeebreak_shop|4|13
1708934967|riakumacase|12|13
1410891511|kedaievy|10|13
1712286474|luceveenastore|6|13
55663356|jinglestation|450|13
1649412853|vouchergratiss|15|11
1270672163|evilqueen.wearing|64|11
1703817588|lucky_tibelle|27|11
397583802|catchycloset|114|11
1496230203|arketahcouture|23|11
1702438440|upopcollection|12|10
1379775477|allyouneeeeeed|543|10
1666133174|yustime1|7|10
1705566187|blend.inc|20|10
1237048026|serbaserbii|183|10
1551008337|lyndalamour|231|10
1569698105|youshouldhavethis|61|10
1700498102|goldqueeny|55|10
1693980048|octoart.id|39|10
1704427545|chloe.kidstore|128|9
1721408700|beautyareaid|12|9
1447499874|bagsstore_id|29|9
1716563362|bestbuddies_shop|16|9
1710656981|lolishop_jktid|2|9
1615820698|howdy_id|5|9
1644953185|flap_shop|6|8
199186335|lepopito|29|8
1671080500|elpestore|14|8
1555902441|loulourose.co|11|7
1701409339|halomijoo|7|7
1705974559|hellostripe|3|7
1724170338|febriberlianaw|0|6
1706440950|thewonderwallid|21|6
1602739933|miracle_aksesoris|88|5
1719727595|sparkshop_id|16|5
1716057953|alessia.caesarshop|1|5
1714698585|scstuff__|9|5
1668953660|_isyq|33|5
1710563338|queenibags|3|5
1716296784|votre_peau|86|4
1606972854|fn_008|5|4
1620126749|hara2121|6|4
563404412|eightnityshop|5|4
1657174694|supliermesin|21|4
1709003733|cupid_tumblers|8|4
329005546|walksinbeauty.makeup|24|4
1727931791|perfectionpreloved|4|3
1507154430|petiteunicornshop|16|3
1103651385|thrift_wardrobe|190|3
1717727911|keiracollection|4|3
1724814158|hello.abcbabyshop|3|2
1674812942|loveme_buyme|6|2
1728213527|zeus_os|6|1
